#percentage  seed  absolute_enhancement  relative_enhancement
10 -26132 360.21774328824781017242 87.26910343303075766021
10 -26133 258.63885693854491614090 864.57614574839537782988
10 -26136 372.52617382413946337966 235.30137918032653795121
10 -26132 360.21774328824781017242 87.26910343303075766021
10 -26135 360.18262451547040316641 84.26458618137258032637
10 -26137 314.47580090948294316969 66.76238648284979136813
10 -26132 360.21774328824781017242 87.26910343303075766021
10 -26143 351.68172844548551724884 239.92115602850972388589
10 -52478 369.17181305046879219340 118.87184031360358103664
10 -26496 340.83463001255278947600 509.05495645605704637113
10 -26607 340.05965305501839894756 742.28270131823822053411
10 -53234 336.42215074804567814368 96.94607308651183803645
10 -26381 240.88579912755470433890 939.85985918829460769856
10 -53210 296.76955042825036128278 275.99581442466450939017
10 -26519 372.73071755079154049071 222.80244211313203366786
10 -26572 232.87985694938988471941 210.41122466296026478682
10 -26718 363.21522235936598392871 151.67187336659630662513
10 -26991 373.54326837712161842607 320.38063873378389346155
10 -27096 283.42442831338578024343 127.30806617463232566416
10 -27267 365.81305116233486654676 207.68941344579186427302
10 -27323 262.85019747185096704385 87.45127949699441584473
10 -27465 341.99965133204315480306 95.45408182603941136247
10 -27281 318.23594029538394708303 239.73050404630597509380
10 -27337 332.87403709752676070404 587.03868433544307362544
10 -54790 238.83307033407990785967 788.85344443340783356522
10 -27428 350.98332316322875400774 77.80809442173974316435
10 -27511 357.99080623982099929966 324.47059498186675472455
10 -27533 373.15408322270213885986 155.64990234258126449449
10 -55084 326.03007168618162331761 135.19989187432055380590
10 -27734 378.14817942727020422715 385.77555354153349546439
10 -27638 362.13047881216138737269 63.88601463157361718573
10 -56012 337.25662941441221287068 240.04356789805584898563
10 -28202 277.19883761909573074407 2987.33725539837729064577
10 -27852 325.77480997115984738120 53.41727969780854176717
10 -28010 365.82903553782922720862 112.56514533614582419638
10 -28063 270.32729866512418373677 162.40190416870206356079
10 -28113 256.73678295004502668229 102.61080796056142973304
10 -28163 362.44874653286263927596 522.18819116850040310364
10 -28234 367.67838829308187389957 66.10965764981261748217
10 -56548 176.50059724532699689505 109.93867823617812267367
10 -28293 308.60829587126056851042 267.54476420912600933205
10 -28304 258.72664031101319055606 199.19595716659696118722
10 -28586 333.08387635131701204710 1110.13425340625722310560
10 -28383 294.39644012372798716733 49.12420631902384074091
10 -56998 383.57243039293880894821 149.87583400538442343810
10 -28749 387.39644883475577703505 433.02532352799833828023
10 -28675 362.20629797311945507278 546.32396895513349487859
10 -28713 260.74995120690901633700 82.00656835703552478850
10 -28743 337.88440055936149375527 278.10389934417070160671
10 -28902 322.22079997406227986734 128.27218275023031002213
20 -37514 411.19802210214305058143 803.69069693521465543041
20 -37549 311.92658186168189986004 89.11201288202069213478
20 -37601 315.63664667418670130063 212.13169760444697732529
20 -37989 275.66834122667189718270 420.04734637835360300746
20 -38190 291.95213596673456600996 126.22606461602178274040
20 -38327 288.84303679115859830215 421.19771499202230185644
20 -38331 301.39946071382751011639 4450.80964834361526235702
20 -76782 421.75000874422971766018 155.37528965024143458130
20 -38484 424.49913499925620402138 1822.08015195352670335015
20 -38881 401.87906332483525803744 144.12343062828861064829
20 -39040 332.48419253320650545982 187.65357642205334933283
20 -78196 374.05799968836640332815 357.76044844095236003464
20 -38930 256.84495978509890170353 279.33550254564449804154
20 -39054 296.82036914181767877434 1472.43291384776099264895
20 -78264 390.70877510584334245284 193.54473076744645772893
20 -78412 428.52054712900310016217 453.87213543519381811582
20 -39264 233.06874013150729883928 68.12793036917832218051
20 -39616 312.60585430321348567798 20417.18311406947948081165
20 -39597 328.07332023603762173785 172.47172931004042660865
20 -39667 382.84618274943551244985 395.14423111893247565389
20 -79438 305.84436099723002017064 248.89960594374329403119
20 -39805 194.56964581780274553877 31841.59918984945725063586
20 -39922 300.68469865349099553471 66.29468251374007995598
20 -39867 183.10060618935534672504 288.64689099001746246862
20 -79932 435.66445873820105869915 211.38348945293900909483
20 -40010 395.33194255882280354340 76.96517239823726121097
20 -40052 395.13134336118901682650 99.97120077307843225191
20 -40085 326.65629565416516244348 36.86119361448863222631
20 -40116 299.84856103751920474103 1840.34088839164541522945
20 -161884 381.00226639233963916877 339.81443287162446143118
20 -80598 190.20795512015597167519 424.17313414577833331592
20 -40377 412.59385137705310461968 233.59099663727131271965
20 -40438 280.55658630385359757773 273.30404378722207822921
20 -80900 399.00150750720594651244 204.57341490070280687579
20 -162220 154.02984437812825232225 202.65801712614098582099
20 -41346 391.37933237553008008323 71.03565682194626354735
20 -41438 417.57576367307745663043 812.03721828273388448066
20 -41516 266.55099450859619057740 152.78226373376202378667
20 -41625 273.67052744350119818975 132.05536826767574487267
20 -83414 257.56038248590066909943 263.96900800889769245816
20 -167032 404.57384090109358002905 44.63531399095947373179
20 -84026 405.75572283030701826315 330.15348612011403313885
20 -84668 262.44381541237127339090 806.22098325723611266657
20 -84076 330.51633053940593671143 44.84923817010091512410
20 -84288 396.59489281854995552209 145.30292267916742268274
20 -84472 176.00276220022742917944 292.34994092605303752372
20 -84710 303.50537381769226423564 1694.60881755003023378445
20 -42409 251.20633368585999476030 203.05222649014497481834
20 -42982 292.17818389309861887451 33.96677768043987635222
20 -47476 306.74588945440065237154 307.71227091722527053439
30 -3413 234.40538703409366134541 188.67935820471042875812
30 -3545 178.77267939000428411349 390.28619445935819655927
30 -3558 217.62724494018659585358 2657.77143482009737242842
30 -34708 301.18912538834654286861 291.76810980555524925375
30 -53500 418.19775851739458745302 68.36271190140587288971
30 -53726 241.02677469604309727815 54.93553214827371457122
30 -53897 237.89264564881542570195 1808.30025696526903687673
30 -108158 296.11519748923498421402 4743.23089506820954292545
30 -54489 147.42747371747823031005 1985.90099903597734030771
30 -109278 164.59535932301607512968 773.72424775483042585350
30 -110664 402.23042974240841430824 42.65079505272933522369
30 -55582 306.98516312807947757279 924.54060064810258731053
30 -55740 350.08580936244656551995 474.96548154611165837676
30 -54435 247.18116123172508410460 114.20816997126476498972
30 -218260 337.78424046321729189402 392.59328165020580069064
30 -54788 348.26782578968660708596 427.08190931680097834339
30 -54982 357.53467338092244885444 982.65619753501686822747
30 -110164 419.70839381577966052467 331.06031527073457682322
30 -55191 160.59313389579001680629 5591.00481256709937531448
30 -55462 335.23201027075435878111 143.43274318944468018489
30 -55582 306.98516312807947757279 924.54060064810258731053
30 -55740 350.08580936244656551995 474.96548154611165837676
30 -55455 242.07003749347404329076 577.08160351287025409184
30 -55513 439.15162007078991456228 2476.78548045617370089461
30 -111192 457.10836830673215746372 148.04199893042783391684
30 -55732 475.90655088275650448393 110.09363021105222444136
30 -111618 147.52866067277239854072 398.44188124571380932578
30 -111782 181.50313423106026826957 1026.26505266569732603234
30 -111956 332.13841947212995943225 687.82552228304581631549
30 -224236 257.79337988972403870527 3691.98284572228929924483
30 -56126 291.65841249782797497627 587.94446721829978587778
30 -448816 330.53888771841171506208 245.08849187539299785018
30 -56147 427.80410484619222892541 407.35425563852969318834
30 -56200 349.94322569933443188160 4356.21102663387513427480
30 -56261 257.24727902636319684274 2021.22229763865608987767
30 -56319 271.69896219562298908777 539.32386277919427901202
30 -56344 236.80247033460264211128 1027.80445315740486030527
30 -56375 259.02808560706742642950 224.09994905463327723887
30 -56395 368.43778420441644519909 421.27310806465824786617
30 -56412 166.49438726245172950052 2709.18026020840440677178
30 -17835 166.58910032494079463167 730.35683566725871202142
30 -17835 166.58910032494079463167 730.35683566725871202142
30 -35672 443.99107519774377650194 194.56441655512847006143
30 -17847 350.94805812414327671670 1036.59653121819245106623
30 -27405 137.23321247624854840385 5850.35439910580215194638
30 -34348 339.55866461206436204499 347.42489731519255685874
30 -49230 313.11867858985905276954 2253.52954130189687490724
30 -30645 262.44477526336232699029 1298.42485914462889801385
30 -2563 390.75920247946412777760 20741.61884431908592593689
30 -27575 346.87550114440737007781 882.49918029010912686718
40 -111004 361.21386026588729636067 92.70327649289895405673
40 -93096 321.20505626073441115066 699.77420041024361916949
40 -26565 308.65301510145861378723 74.32432971332216676233
40 -40506 161.66154033419820473399 215.76418929310684383803
40 -85136 223.38253341466714405516 404.12851036459259020723
40 -11452 304.51342693301025110925 2329.00534203311849638241
40 -328544 105.84809194374293439287 5757.87082051745438258135
40 -57989 129.93902038067313635884 550.86112048597527585846
40 -45204 156.30423818062197360099 87.26981240032121034872
40 -53740 124.20873630602385917996 985.88416102621370107034
40 -38355 297.06093357263151566993 591.70672194189135618351
40 -19815 294.01623930926870873934 324.09521099081797851505
40 -21910 162.29495102850398154321 1052.11232057837488316644
40 -22634 238.56461490483443181322 428.52047194322495706354
40 -50089 328.21397293668981774675 80.58461147223643531631
40 -30962 191.06281719290293865384 4311.46793696614748436126
40 -53546 163.63113907650504063765 50.05884490367039733362
40 -223864 95.14130865874664974618 406.58384146399403082832
40 -29832 135.20326652246849107715 5579.41884859826639176331
40 -111872 117.56421480131879637603 269.57755529806435595003
40 -24894 187.12931165045006566504 348.81322891141341888365
40 -27937 223.39044040736474592045 411.21147354265248046283
40 -39425 157.15956840860940942959 2344.44873125976449928078
40 -17770 419.44157641858977759330 69.76263710511602098670
40 -29986 401.95371608069280431649 302.14519246419037219176
40 -2832 84.88566933815446308773 786.33358637953572730987
40 -49662 363.38293388682959621798 599.31883294763437538148
40 -30531 227.99225425888604552395 1537.81345335709433193835
40 -71756 243.81854814751464670721 272.91953189500210933749
40 -27720 124.30978860194382098085 470.41517964438367538357
40 -36871 208.45989187521845947728 64646.21397060732592343471
40 -40915 298.31390805701223472426 416.99312058479529097016
40 -52129 291.73887705091508433649 4469.17107555949434213864
40 -21122 320.51332497883105718084 509.55730119589172466271
40 -33705 94.95366655440995156933 12119.54488008830968619305
40 -22321 373.15042907234392860929 57.90247854126458344479
40 -101366 296.90528179659465232161 150.89697278961857864589
40 -41186 187.79096622174508226502 3782.67225196820964005069
40 -39799 206.07383582701094812613 300.52558750232813639456
40 -5985 145.05827954107804758714 817.90553388061193303764
40 -56952 165.84535014916038116126 1426.22268551956263879400
40 -46360 140.08796301337857386146 1496.57849112717373629464
40 -55037 232.69443881244162781754 336.26860747499675432002
40 -23628 185.25565211070899278471 227.97718945773129736223
40 -155452 136.99595636104520413688 3989.39109755647940314352
40 -39056 145.12709458139537241481 496.74951197656059576627
40 -14970 261.85305723461551747131 358.93434302291631845939
40 -42816 175.31731454802653289422 195.70744430448687841019
40 -9934 208.20091455328280308921 2799.69894773758458657719
40 -37068 357.89976358339233361962 51.88292317013392785635
50 -54944 122.38050967151750362856 356.21931669740587725870
50 -680 82.22095665707355266423 62.32743812284407145922
50 -21846 96.32621485916709668740 134.90749196123612189489
50 -49068 137.03709757122586414941 163.72957870266997510135
50 -3602 73.17475852091459372080 279.93820040142716448244
50 -15833 220.84362638679996055483 2771.45049705745083371965
50 -270936 222.66153603316531056148 214.19971228165982623652
50 -37736 173.13825264176228693519 461.73171502170632708053
50 -93926 190.84272700374430960569 702.85639151091647576506
50 -35811 234.86491814842829929303 4907.55084750976571904149
50 -119674 83.52160028770223138483 209.77944386093631718403
50 -31171 69.61841138021644968282 606.05216931876985062198
50 -11912 83.94661113833156971830 446.03149611392230578588
50 -3998 105.43332201735887815409 103.26951535967523781777
50 -24071 150.59331427184823196553 1398.73690270007172068465
50 -28972 105.60545980582358033557 848.76511754834093795411
50 -47858 186.43355710602508396903 527.27771705969447715460
50 -76140 198.89108953522317213624 191.67888670952417724086
50 -9969 141.82479462259386340828 630.82884109415184425606
50 -32030 132.81089172076786409038 1147.73548459523141631813
50 -48982 78.21435390065313706221 299.38384270163561662120
50 -129216 154.87248337811237990094 436.09193543041065866468
50 -29926 38.63209538611559555558 247.98574057847773090625
50 -38936 115.05788468016280868663 533.86277867233526861274
50 -58793 47.66410539332546282285 608.98372641432741225887
50 -47204 247.99618167946757639977 177.90812883981063874796
50 -5948 102.18043548362884269892 316.88391541600901177714
50 -86712 189.81666107198656662855 70.19473455223055294242
50 -31889 170.26855257445067534228 1655.97814730562635315725
50 -13029 173.37626391124619463530 1554.96599338230528885566
50 -903360 180.41633483213241655952 335.61815083140166372509
50 -25992 161.99371702492765810479 154.55782723843146180229
50 -1796576 64.90050951058427565896 647.51029670728784825142
50 -31340 68.41621806594928353247 89.15941102960328544510
50 -25750 76.85147268274379184369 279.31942347402259290923
50 -53041 223.89259208817639861291 282.53645753833774079561
50 -18919 56.63820457467698596867 1207.88848214630531808162
50 -37945 203.30306022433442339729 178.71065437822828336826
50 -26420 150.93192333981064903027 8514.18763940911584913609
50 -41079 100.01472100150279031679 1466.80344234997659572786
50 -771904 136.27431397725169962323 258.98036185067265972544
50 -113826 147.88207695721538300243 414.38064173791814472602
50 -38024 262.92305264937502301333 2494.58389275062659932384
50 -15355 158.21801431693667446929 23.02154675097472453228
50 -50624 66.99112236783627831800 293.57316902340880362945
50 -53886 95.40800589827376454795 138.98072700348173455549
50 -35840 217.18623326000356831778 485.03188657552893987225
50 -239328 69.18493579011036157550 1078.23780545298291282455
50 -51742 172.54216080917375711429 1751.73750443698393318006
50 -72736 101.01765470269928682391 879.76386990300878328141
60 -44456 140.68118228012645825226 230.41610454966318625218
60 -53902 46.84473014699114253480 153.98018529263713388740
60 -209664 84.33593000600526206668 152.22194338867093251484
60 -127840 32.49243285798070546428 441.70719798283739328747
60 -77742 63.37595126066272631337 65.91065602195775544902
60 -39240 34.60561138196651707743 142.44145957570812875164
60 -18125 65.27771569104585907879 54.68136207498122887341
60 -18906 78.03031559098832946646 204.23027497305267062599
60 -44055 117.71573200695101623681 184.40681247525565574067
60 -34998 90.82870396708893942936 1091.38073914059205384531
60 -22737 50.23686551089731650972 83.15077084714073241417
60 -31968 106.59835693056490922858 15.39363295685800107315
60 -89568 71.67980290583476193091 12.73064810152544548579
60 -5628 35.95686553988264216444 48.72862661331095246048
60 -1081600 117.95388658405463952536 101.31691033032490538268
60 -33162 38.09097098725543063389 163.91873023603513283713
60 -84788 96.66449994011035318225 108.15962546425833170033
60 -46923 94.52114190163188758476 8.89032862298075770530
60 -632 121.03547932860887211328 198.62229383028811837189
60 -5765 18.88871723182597929170 146.71075409170647188233
60 -32780 27.42804272340208824182 476.90832928994862081939
60 -769344 52.09659867899079271005 119.74654866998255790671
60 -54446 27.16648905378736965758 49.30677103065472188548
60 -218216 43.87489022175624899880 229.11422801651888743365
60 -84846 85.14136882811792963815 120.83839348638278225388
60 -48753 92.06620466547324230465 108.90029467448894126874
60 -52627 27.30454083217788779022 461.64788157352599649255
60 -3672128 29.69545621301291252182 236.00878362917993682771
60 -39480 63.69777021153628582782 156.10723894296763603542
60 -14688 25.92179351812552682046 102.82595611224196112484
60 -10736128 37.18965115952464223716 41.11128069169776232595
60 -2177 57.55854420747462745846 1407.42013212977211353956
60 -15848 85.84856429666243642317 79.17905536772685732739
60 -29908 17.04445177096223966192 69.95849122853844124846
60 -124124 55.99923014368670346864 64.41778212461484498822
60 -20791 27.02109969835864822084 351.95780400952643462011
60 -57962 24.74496441735818294870 137.03564150106458338588
60 -13728 44.96331232043480232255 466.89999997510933101230
60 -27717 38.55039957534226844823 372.42805493718706572827
60 -22839 41.76063325736825788502 65.03600222076054246053
60 -37069 71.41342326256933990593 304.43292109466409130618
60 -50170 26.17777455886429981623 401.11535501463561131038
60 -455424 56.01518659508788480657 83.41012448583454982463
60 -3046656 90.67019015073421083279 228.39562358970203877341
60 -49308 92.57076648846734698660 397.62702725612860857136
60 -508192 91.24667746433632936456 55.73243608955325642823
60 -9891 40.61610617370860676107 1093.66851163632556341085
60 -399400 28.18256581071654320953 184.15586483023146349668
60 -700768 99.64558841912355396545 1569.93950795359948777408
60 -6080 51.62327421090788760164 145.99133138791943949759
70 -3221760 35.75399656414345233877 77.89639581706961698264
70 -349136 17.66110220336553898297 59.16787328226648251038
70 -222960 17.64752669885993918131 21.84170140896391960969
70 -957600 50.19018496384809158049 33.54101264952390597301
70 -37802 10.13374921747867963204 30.34199435396827940353
70 -584288 33.60924382626433521906 183.17598010842336248917
70 -57996 43.26814077356244100563 8.18862981297251191865
70 -231536 19.88083630448996038322 480.69757622307829315280
70 -45936 38.75400004320743586602 340.90133788850110625676
70 -37088 54.23359975890443452728 42.16897652197466913268
70 -37736 24.24945103927915077764 3.74476456360925598606
70 -50072 45.06866347646693272260 30.37169965323678253674
70 -17807360 50.91602846260286654459 13.14759646084547957912
70 -106192 15.46684804324746501100 220.21247805321770543100
70 -23372 25.19040782696843178895 31.69548782385989440146
70 -10929 78.20224917921500683279 200.93057514493388822658
70 -116452 30.80367972502779468407 167.17773149495203319505
70 -44087 19.65636020022980874417 586.03749187946670013181
70 -10977 19.87744406847280031279 61.82907152430446235235
70 -21243 39.66391599730514481175 29.85260538602682033128
70 -235884 22.97967190920779081881 1371.36540660692452696634
70 -7820 28.17738957165237270298 162.28084349904811972911
70 -216216 11.68072518109924489912 207.30052410542442802642
70 -63820 17.54063340915900004308 270.29474219416574213790
70 -93674 15.10098390398961988937 29.22284952823035325559
70 -42935 94.72447665233681020158 18.60014718416980980455
70 -200352 22.23264243622091004992 400.94765061032513075996
70 -16248 37.72418436043893466960 38.99231511830675815618
70 -163616 13.14141301150450550487 1208.08380235885175073883
70 -160136 12.55404263323274678005 8.76316060921041765871
70 -1261632 20.94126094877234342953 3.76835357861941448397
70 -1072256 14.18342436645694835540 611.94378722955019822292
70 -14928 11.06944176767093502021 60.24116751310163040720
70 -69852 26.01446350491966929165 35.03427963160658353062
70 -31624 35.93658782866705287195 24.66940472793629666474
70 -141184 28.17339296804406163299 19.73362956093757322244
70 -553216 15.23946670695729084530 42.43609457535950480190
70 -57769 23.80305259298763199068 60.59670088809245958431
70 -11782 23.01341957525380949289 81.51672195382734653012
70 -291272 18.31584018791470122470 44.90398435924260481151
70 -954144 20.57692333756597935730 658.31860537492702800343
70 -684640 37.98884895745728343336 33.46914972834085370979
70 -25806 13.63725899272822005769 623.68727592772332827309
70 -179532 40.26534866203075163901 42.69784211467510432144
70 -331112 46.53825127367933091761 1.78710862199048186519
70 -440344 16.93035422819159389720 80.10853240958988736212
70 -39772 19.24885877024040908156 162.46412477561554944385
70 -33745 56.65407416896686479788 21.92934640904539033541
70 -119244 40.01794107113662515552 16.07512028060292383325
70 -224836 46.50054902894175437919 524.11669954936369897020
80 -46596 7.81543621567093192636 203.22011513651066628901
80 -29984 11.86726182770926975713 18.88941130968248422909
80 -51726 11.75900783372858237754 6.26320429513431426944
80 -190024 9.71270583160401143720 9.04342864219294620531
80 -171344 12.63816155502652830391 34.05976538909992646810
80 -6504320 14.53774787324704244189 16.99159535325749197957
80 -15854 11.55842432054020176715 14.23597690882278211532
80 -82752 22.69639603139261306177 322.08358381593913516604
80 -2292416 14.22375192211355985667 17.93638350201453443333
80 -13456 18.15895903291508662200 30.21670159166341287899
80 -13751 15.76835109690853544937 147.52040923469455926490
80 -28696 12.19993299272231766994 54.84539833557255129250
80 -15834 35.80380620680669901160 65.46518315702286314797
80 -7547392 32.70624626597349624907 27.40637592249130244925
80 -1850560 16.11640703992575882729 18.69147519263226339277
80 -158916 10.87895570829287944502 33.92412679797350333678
80 -227548 6.87648731392591801455 6.34884515620584803128
80 -26877 35.18786858699183798184 19.79853138656771881481
80 -1486 15.88410367548943324019 25.49734730067928227514
80 -1372160 14.32060331983135695836 46.66157336227890043079
80 -3476480 13.44455690983081172783 7.69188351108804158212
80 -1756352 10.76869085208940720850 45.39703276746884843665
80 -109808 11.84310213951055456806 11.51370894390348386210
80 -414152 13.17456114341199216860 50.83798156383417787234
80 -104448 17.92980380595857985641 23.85124613695871386417
80 -1748 8.23298415365986676727 7.34457771869081177929
80 -214880 18.21752764170142886214 532.61757314923340445951
80 -6976 13.74976514879382573839 118.56183963940769840617
80 -1902048 15.38303301033397161688 25.45379705429042934035
80 -21610 7.34038190003235004692 26.36256890832547406431
80 -160348 17.97058672626165601504 8.38519006990785715294
80 -557712 13.94461920001266262963 59.64824446835726536947
80 -188152 17.39460574286649603994 15.16856253629640935993
80 -27795 22.18090649793240513995 92.15889546477425280754
80 -164937728 29.72143557293707705684 177.45232547588951549759
80 -1332384 6.56905397912999507977 28.84124161875056885242
80 -207732 12.23635937833783411880 31.83400013081133723384
80 -186944 23.54875767021908168511 62.52615977492857372852
80 -1727968 15.41125053241785664966 15.38278030917909508631
80 -31874 24.87837489143049676905 31.31662665976188815791
80 -55257 11.76667256601858790990 330.52375760654272386934
80 -8189952 8.98163861342687167480 15.34871679830784506295
80 -23664 12.60120582368232898208 19.94724737566833718797
80 -35020 24.99444262970697876203 14.14407302659088425683
80 -30955 5.96381001409625852136 6.95449081811808602978
80 -40416 16.23410147119358151138 11.39925648833189140327
80 -10717440 15.55477423140788671021 94.26257908185923109648
80 -18605 17.52248458825902691361 27.21945117086909542486
80 -210192 22.78952343112723049802 771.71790452795143189093
80 -86116 9.34650419719946833531 5.77722375682773480351
90 -407392 19.27436070687037142539 200.43457274022119287397
90 -182976512 4.54397367385941109622 10.42905034224889895400
90 -6380288 9.61709335200669994925 13.69687998956852739676
90 -25522688 16.02292937691894447700 8.74562240449057713707
90 -182976512 4.54397367385941109622 10.42905034224889895400
90 -6380544 17.35627543909580609834 9.66303057420966420580
90 -1845493760 24.03687092815488521777 22.46722996441873102824
90 -6380288 9.61709335200669994925 13.69687998956852739676
90 -204267520 10.58380166183298849476 6.99349157300484963624
90 -1639317504 9.55780240732254329494 22.87854320872590814734
90 -51648512 2.95029729071963946247 1.34426816997467335252
90 -834666496 9.55557160267139777290 21.81648054575444609179
90 -206804 12.66258320534737099892 89.80627370631328466436
90 -3307840 8.22763742493408579651 1.53608050788938912346
90 -103476 8.79748188452072185849 14.69896496265048594862
90 -51737 4.89806866772347948663 3.27405750360853803504
90 -51737 4.89806866772347948663 3.27405750360853803504
#90 289406976
90 -35494 9.94375717800572566848 4.68067926978220436364
90 -179936 5.42910201882142529305 7.13171722366673315112
90 -443168 7.73754191794816500758 13.49011378175541140337
90 -899520 14.45524845584082604100 367.02274929533387716164
90 -43476992 5.98010733550398997777 9.32339744679022249543
90 -179024 5.36205537170355311164 14.60134920167421283467
90 -114024448 18.27544270100460474030 167.11140948398150720380
#90 796262400
90 -78970880 12.86362834052483918308 20.56970742740623473186
90 -17583 14.04853873980005066846 136.80753425021444489684
90 -2966656 13.32192822782640360870 35.40485037645782957197
90 -38496 7.04122018113266210975 3.28615406809693968477
#90 1530920960
#90 1342177280
90 -834666496 9.55557160267139777290 21.81648054575444609179
90 -479756288 23.25772217751010350407 36.80058726772311882826
90 -353370112 7.81193782686793951573 169.15084024722739171234
90 -83612 16.77708462884996556780 155.02339798770844850076
90 -2239168 7.94474238335122360556 108.77224119994140643811
90 -1296 4.33572118380695350049 4.48754361902080598828
90 -225488 5.23206505677441305257 2.96025486731010808232
90 -32770 10.54287190224788825727 30.10456501673839034265
90 -67950592 4.97816912314856430000 5.65443588198367322659
90 -2830080 9.76259217087177024253 27.25960850061127705899
90 -44058 17.28088956432860602929 18.05381336092927202235
90 -1607232 15.65731166256440874209 13.74009777252141304809
90 -36524 10.28626553573445162221 28.86527286572592301754
90 -1485184 5.83931047613257398880 4.73353438402816801305
90 -57386 9.20821732650951903054 6.78253222100146885659
#90 1861091328
90 -52144 11.39209402801021748313 68.40318414498628662055
90 -2368 15.81641197528389068783 3.75251638078274725427
