  1.000000000000000E-005           1          -1
  2.000000000000000E-005           3          -2
  3.000000000000000E-005           4          -3
  4.000000000000000E-005           6          -3
  5.000000000000000E-005           7          -4
  6.000000000000000E-005           9          -5
  7.000000000000001E-005          10          -6
  8.000000000000001E-005          12          -7
  9.000000000000001E-005          13          -8
  1.000000000000000E-004          15          -9
  1.100000000000000E-004          16          -9
  1.200000000000000E-004          18         -10
  1.300000000000000E-004          19         -11
  1.400000000000000E-004          21         -12
  1.500000000000000E-004          22         -13
  1.600000000000000E-004          24         -14
  1.700000000000000E-004          26         -15
  1.800000000000000E-004          27         -15
  1.900000000000000E-004          28         -16
  2.000000000000000E-004          30         -17
  2.100000000000000E-004          31         -18
  2.200000000000000E-004          33         -19
  2.300000000000000E-004          34         -20
  2.400000000000000E-004          36         -21
  2.500000000000000E-004          37         -22
  2.600000000000000E-004          39         -22
  2.700000000000001E-004          40         -23
  2.800000000000001E-004          42         -24
  2.900000000000001E-004          43         -25
  3.000000000000001E-004          45         -26
  3.100000000000002E-004          46         -27
  3.200000000000002E-004          47         -28
  3.300000000000002E-004          49         -28
  3.400000000000002E-004          51         -29
  3.500000000000003E-004          52         -30
  3.600000000000003E-004          54         -31
  3.700000000000003E-004          55         -32
  3.800000000000003E-004          56         -33
  3.900000000000004E-004          58         -34
  4.000000000000004E-004          59         -35
  4.100000000000004E-004          61         -35
  4.200000000000005E-004          62         -36
  4.300000000000005E-004          64         -37
  4.400000000000005E-004          65         -38
  4.500000000000005E-004          67         -39
  4.600000000000006E-004          68         -40
  4.700000000000006E-004          70         -40
  4.800000000000006E-004          71         -41
  4.900000000000006E-004          73         -42
  5.000000000000007E-004          74         -43
  5.100000000000007E-004          76         -44
  5.200000000000007E-004          77         -45
  5.300000000000007E-004          79         -46
  5.400000000000008E-004          80         -47
  5.500000000000008E-004          82         -47
  5.600000000000008E-004          83         -48
  5.700000000000008E-004          85         -49
  5.800000000000009E-004          86         -50
  5.900000000000009E-004          88         -51
  6.000000000000009E-004          89         -52
  6.100000000000009E-004          91         -53
  6.200000000000010E-004          92         -53
  6.300000000000010E-004          94         -54
  6.400000000000010E-004          95         -55
  6.500000000000011E-004          97         -56
  6.600000000000011E-004          98         -57
  6.700000000000011E-004         100         -58
  6.800000000000011E-004         101         -59
  6.900000000000012E-004         103         -59
  7.000000000000012E-004         104         -60
  7.100000000000012E-004         106         -61
  7.200000000000012E-004         107         -62
  7.300000000000013E-004         109         -63
  7.400000000000013E-004         110         -64
  7.500000000000013E-004         112         -65
  7.600000000000013E-004         113         -65
  7.700000000000014E-004         115         -66
  7.800000000000014E-004         116         -67
  7.900000000000014E-004         117         -68
  8.000000000000014E-004         119         -69
  8.100000000000015E-004         120         -70
  8.200000000000015E-004         122         -71
  8.300000000000015E-004         123         -71
  8.400000000000016E-004         125         -72
  8.500000000000016E-004         126         -73
  8.600000000000016E-004         128         -74
  8.700000000000016E-004         129         -75
  8.800000000000017E-004         131         -76
  8.900000000000017E-004         132         -77
  9.000000000000017E-004         134         -78
  9.100000000000017E-004         135         -78
  9.200000000000018E-004         137         -79
  9.300000000000018E-004         138         -80
  9.400000000000018E-004         140         -81
  9.500000000000018E-004         141         -82
  9.600000000000019E-004         143         -83
  9.700000000000019E-004         144         -84
  9.800000000000019E-004         146         -84
  9.900000000000019E-004         147         -85
  1.000000000000002E-003         149         -86
  1.010000000000002E-003         150         -87
  1.020000000000002E-003         152         -88
  1.030000000000002E-003         153         -89
  1.040000000000002E-003         155         -90
  1.050000000000002E-003         156         -90
  1.060000000000002E-003         158         -91
  1.070000000000002E-003         159         -92
  1.080000000000002E-003         161         -93
  1.090000000000002E-003         162         -94
  1.100000000000002E-003         164         -95
  1.110000000000002E-003         165         -96
  1.120000000000002E-003         167         -97
  1.130000000000002E-003         168         -97
  1.140000000000002E-003         170         -98
  1.150000000000002E-003         171         -99
  1.160000000000002E-003         172        -100
  1.170000000000002E-003         174        -101
  1.180000000000002E-003         175        -102
  1.190000000000002E-003         177        -103
  1.200000000000002E-003         178        -103
  1.210000000000003E-003         180        -104
  1.220000000000003E-003         181        -105
  1.230000000000003E-003         182        -106
  1.240000000000003E-003         184        -107
  1.250000000000003E-003         185        -108
  1.260000000000003E-003         187        -109
  1.270000000000003E-003         188        -109
  1.280000000000003E-003         189        -110
  1.290000000000003E-003         191        -111
  1.300000000000003E-003         192        -112
  1.310000000000003E-003         193        -113
  1.320000000000003E-003         194        -114
  1.330000000000003E-003         196        -114
  1.340000000000003E-003         197        -115
  1.350000000000003E-003         198        -116
  1.360000000000003E-003         199        -117
  1.370000000000003E-003         200        -118
  1.380000000000003E-003         201        -118
  1.390000000000003E-003         202        -119
  1.400000000000003E-003         203        -120
  1.410000000000003E-003         204        -121
  1.420000000000003E-003         205        -122
  1.430000000000003E-003         206        -122
  1.440000000000003E-003         207        -123
  1.450000000000003E-003         207        -124
  1.460000000000003E-003         208        -125
  1.470000000000003E-003         208        -126
  1.480000000000003E-003         209        -126
  1.490000000000003E-003         210        -127
  1.500000000000003E-003         210        -128
  1.510000000000003E-003         210        -129
  1.520000000000003E-003         211        -129
  1.530000000000003E-003         211        -130
  1.540000000000003E-003         211        -131
  1.550000000000003E-003         211        -131
  1.560000000000003E-003         212        -132
  1.570000000000003E-003         212        -133
  1.580000000000003E-003         212        -134
  1.590000000000004E-003         212        -134
  1.600000000000004E-003         212        -135
  1.610000000000004E-003         212        -136
  1.620000000000004E-003         211        -136
  1.630000000000004E-003         211        -137
  1.640000000000004E-003         211        -138
  1.650000000000004E-003         211        -138
  1.660000000000004E-003         211        -139
  1.670000000000004E-003         210        -140
  1.680000000000004E-003         210        -140
  1.690000000000004E-003         210        -141
  1.700000000000004E-003         209        -142
  1.710000000000004E-003         209        -142
  1.720000000000004E-003         208        -143
  1.730000000000004E-003         208        -144
  1.740000000000004E-003         207        -144
  1.750000000000004E-003         207        -145
  1.760000000000004E-003         206        -145
  1.770000000000004E-003         206        -146
  1.780000000000004E-003         205        -147
  1.790000000000004E-003         205        -147
  1.800000000000004E-003         204        -148
  1.810000000000004E-003         203        -149
  1.820000000000004E-003         203        -149
  1.830000000000004E-003         202        -150
  1.840000000000004E-003         202        -150
  1.850000000000004E-003         201        -151
  1.860000000000004E-003         200        -152
  1.870000000000004E-003         200        -152
  1.880000000000004E-003         199        -153
  1.890000000000004E-003         199        -154
  1.900000000000004E-003         198        -154
  1.910000000000004E-003         197        -155
  1.920000000000004E-003         197        -155
  1.930000000000004E-003         196        -156
  1.940000000000004E-003         196        -157
  1.950000000000004E-003         195        -157
  1.960000000000004E-003         194        -158
  1.970000000000004E-003         194        -159
  1.980000000000004E-003         193        -159
  1.990000000000004E-003         193        -160
  2.000000000000004E-003         192        -161
  2.010000000000004E-003         191        -161
  2.020000000000004E-003         191        -162
  2.030000000000004E-003         190        -162
  2.040000000000004E-003         189        -163
  2.050000000000005E-003         189        -164
  2.060000000000005E-003         188        -164
  2.070000000000005E-003         187        -165
  2.080000000000005E-003         187        -165
  2.090000000000005E-003         186        -166
  2.100000000000005E-003         185        -167
  2.110000000000005E-003         185        -167
  2.120000000000005E-003         184        -168
  2.130000000000005E-003         184        -169
  2.140000000000005E-003         183        -169
  2.150000000000005E-003         182        -170
  2.160000000000005E-003         182        -171
  2.170000000000005E-003         181        -171
  2.180000000000005E-003         181        -172
  2.190000000000005E-003         180        -172
  2.200000000000005E-003         179        -173
  2.210000000000005E-003         179        -174
  2.220000000000005E-003         178        -174
  2.230000000000005E-003         177        -175
  2.240000000000005E-003         177        -176
  2.250000000000005E-003         176        -176
  2.260000000000005E-003         175        -177
  2.270000000000005E-003         175        -177
  2.280000000000005E-003         174        -178
  2.290000000000005E-003         174        -179
  2.300000000000005E-003         173        -179
  2.310000000000005E-003         172        -180
  2.320000000000005E-003         172        -181
  2.330000000000005E-003         171        -181
  2.340000000000005E-003         170        -182
  2.350000000000005E-003         170        -182
  2.360000000000005E-003         169        -183
  2.370000000000005E-003         169        -184
  2.380000000000005E-003         168        -184
  2.390000000000005E-003         167        -185
  2.400000000000005E-003         167        -186
  2.410000000000005E-003         166        -186
  2.420000000000005E-003         166        -187
  2.430000000000006E-003         165        -187
  2.440000000000006E-003         164        -188
  2.450000000000006E-003         164        -189
  2.460000000000006E-003         163        -189
  2.470000000000006E-003         162        -190
  2.480000000000006E-003         162        -191
  2.490000000000006E-003         161        -191
  2.500000000000006E-003         161        -192
  2.510000000000006E-003         160        -192
  2.520000000000006E-003         159        -193
  2.530000000000006E-003         159        -194
  2.540000000000006E-003         158        -194
  2.550000000000006E-003         157        -195
  2.560000000000006E-003         157        -196
  2.570000000000006E-003         156        -196
  2.580000000000006E-003         156        -197
  2.590000000000006E-003         155        -197
  2.600000000000006E-003         154        -198
  2.610000000000006E-003         154        -199
  2.620000000000006E-003         153        -199
  2.630000000000006E-003         152        -200
  2.640000000000006E-003         152        -201
  2.650000000000006E-003         151        -201
  2.660000000000006E-003         150        -202
  2.670000000000006E-003         150        -202
  2.680000000000006E-003         149        -203
  2.690000000000006E-003         149        -204
  2.700000000000006E-003         148        -204
  2.710000000000006E-003         147        -205
  2.720000000000006E-003         147        -206
  2.730000000000006E-003         146        -206
  2.740000000000006E-003         145        -207
  2.750000000000006E-003         145        -207
  2.760000000000006E-003         144        -208
  2.770000000000006E-003         144        -209
  2.780000000000006E-003         143        -209
  2.790000000000006E-003         142        -210
  2.800000000000006E-003         142        -211
  2.810000000000007E-003         141        -211
  2.820000000000007E-003         140        -212
  2.830000000000007E-003         140        -212
  2.840000000000007E-003         139        -213
  2.850000000000007E-003         139        -214
  2.860000000000007E-003         138        -214
  2.870000000000007E-003         137        -215
  2.880000000000007E-003         137        -216
  2.890000000000007E-003         136        -216
  2.900000000000007E-003         135        -217
  2.910000000000007E-003         135        -217
  2.920000000000007E-003         134        -218
  2.930000000000007E-003         134        -219
  2.940000000000007E-003         133        -219
  2.950000000000007E-003         132        -220
  2.960000000000007E-003         132        -221
  2.970000000000007E-003         131        -221
  2.980000000000007E-003         130        -222
  2.990000000000007E-003         130        -222
  3.000000000000007E-003         129        -223
