  1.000000000000000E-005           1          -1
  2.000000000000000E-005           3          -2
  3.000000000000000E-005           4          -3
  4.000000000000000E-005           6          -3
  5.000000000000000E-005           7          -4
  6.000000000000000E-005           9          -5
  7.000000000000001E-005          10          -6
  8.000000000000001E-005          12          -7
  9.000000000000001E-005          13          -8
  1.000000000000000E-004          15          -9
  1.100000000000000E-004          16          -9
  1.200000000000000E-004          18         -10
  1.300000000000000E-004          19         -11
  1.400000000000000E-004          21         -12
  1.500000000000000E-004          22         -13
  1.600000000000000E-004          24         -14
  1.700000000000000E-004          26         -15
  1.800000000000000E-004          27         -15
  1.900000000000000E-004          28         -16
  2.000000000000000E-004          30         -17
  2.100000000000000E-004          31         -18
  2.200000000000000E-004          33         -19
  2.300000000000000E-004          34         -20
  2.400000000000000E-004          36         -21
  2.500000000000000E-004          37         -22
  2.600000000000000E-004          39         -22
  2.700000000000001E-004          40         -23
  2.800000000000001E-004          42         -24
  2.900000000000001E-004          43         -25
  3.000000000000001E-004          45         -26
  3.100000000000002E-004          46         -27
  3.200000000000002E-004          47         -28
  3.300000000000002E-004          49         -28
  3.400000000000002E-004          51         -29
  3.500000000000003E-004          52         -30
  3.600000000000003E-004          54         -31
  3.700000000000003E-004          55         -32
  3.800000000000003E-004          56         -33
  3.900000000000004E-004          58         -34
  4.000000000000004E-004          59         -35
  4.100000000000004E-004          61         -35
  4.200000000000005E-004          62         -36
  4.300000000000005E-004          64         -37
  4.400000000000005E-004          65         -38
  4.500000000000005E-004          67         -39
  4.600000000000006E-004          68         -40
  4.700000000000006E-004          70         -40
  4.800000000000006E-004          71         -41
  4.900000000000006E-004          73         -42
  5.000000000000007E-004          74         -43
  5.100000000000007E-004          76         -44
  5.200000000000007E-004          77         -45
  5.300000000000007E-004          79         -46
  5.400000000000008E-004          80         -47
  5.500000000000008E-004          82         -47
  5.600000000000008E-004          83         -48
  5.700000000000008E-004          85         -49
  5.800000000000009E-004          86         -50
  5.900000000000009E-004          88         -51
  6.000000000000009E-004          89         -52
  6.100000000000009E-004          91         -53
  6.200000000000010E-004          92         -53
  6.300000000000010E-004          94         -54
  6.400000000000010E-004          95         -55
  6.500000000000011E-004          97         -56
  6.600000000000011E-004          98         -57
  6.700000000000011E-004         100         -58
  6.800000000000011E-004         101         -59
  6.900000000000012E-004         103         -59
  7.000000000000012E-004         104         -60
  7.100000000000012E-004         106         -61
  7.200000000000012E-004         107         -62
  7.300000000000013E-004         109         -63
  7.400000000000013E-004         110         -64
  7.500000000000013E-004         112         -65
  7.600000000000013E-004         113         -65
  7.700000000000014E-004         115         -66
  7.800000000000014E-004         116         -67
  7.900000000000014E-004         117         -68
  8.000000000000014E-004         119         -69
  8.100000000000015E-004         120         -70
  8.200000000000015E-004         122         -71
  8.300000000000015E-004         123         -71
  8.400000000000016E-004         125         -72
  8.500000000000016E-004         126         -73
  8.600000000000016E-004         128         -74
  8.700000000000016E-004         129         -75
  8.800000000000017E-004         131         -76
  8.900000000000017E-004         132         -77
  9.000000000000017E-004         134         -78
  9.100000000000017E-004         135         -78
  9.200000000000018E-004         137         -79
  9.300000000000018E-004         138         -80
  9.400000000000018E-004         140         -81
  9.500000000000018E-004         141         -82
  9.600000000000019E-004         143         -83
  9.700000000000019E-004         144         -84
  9.800000000000019E-004         146         -84
  9.900000000000019E-004         147         -85
  1.000000000000002E-003         149         -86
  1.010000000000002E-003         150         -87
  1.020000000000002E-003         152         -88
  1.030000000000002E-003         153         -89
  1.040000000000002E-003         155         -90
  1.050000000000002E-003         156         -90
  1.060000000000002E-003         158         -91
  1.070000000000002E-003         159         -92
  1.080000000000002E-003         161         -93
  1.090000000000002E-003         162         -94
  1.100000000000002E-003         164         -95
  1.110000000000002E-003         165         -96
  1.120000000000002E-003         166         -97
  1.130000000000002E-003         168         -97
  1.140000000000002E-003         169         -98
  1.150000000000002E-003         171         -99
  1.160000000000002E-003         172        -100
  1.170000000000002E-003         174        -101
  1.180000000000002E-003         175        -102
  1.190000000000002E-003         176        -103
  1.200000000000002E-003         178        -104
  1.210000000000003E-003         179        -105
  1.220000000000003E-003         180        -105
  1.230000000000003E-003         182        -106
  1.240000000000003E-003         183        -107
  1.250000000000003E-003         184        -108
  1.260000000000003E-003         186        -109
  1.270000000000003E-003         187        -109
  1.280000000000003E-003         188        -110
  1.290000000000003E-003         189        -111
  1.300000000000003E-003         190        -112
  1.310000000000003E-003         191        -113
  1.320000000000003E-003         193        -114
  1.330000000000003E-003         193        -114
  1.340000000000003E-003         194        -115
  1.350000000000003E-003         195        -116
  1.360000000000003E-003         196        -116
  1.370000000000003E-003         197        -117
  1.380000000000003E-003         198        -117
  1.390000000000003E-003         198        -118
  1.400000000000003E-003         199        -118
  1.410000000000003E-003         200        -119
  1.420000000000003E-003         200        -119
  1.430000000000003E-003         201        -119
  1.440000000000003E-003         201        -120
  1.450000000000003E-003         202        -120
  1.460000000000003E-003         202        -120
  1.470000000000003E-003         203        -120
  1.480000000000003E-003         203        -120
  1.490000000000003E-003         203        -120
  1.500000000000003E-003         203        -120
  1.510000000000003E-003         203        -120
  1.520000000000003E-003         203        -120
  1.530000000000003E-003         203        -120
  1.540000000000003E-003         203        -120
  1.550000000000003E-003         203        -119
  1.560000000000003E-003         202        -119
  1.570000000000003E-003         202        -118
  1.580000000000003E-003         202        -118
  1.590000000000004E-003         201        -117
  1.600000000000004E-003         201        -116
  1.610000000000004E-003         200        -116
  1.620000000000004E-003         200        -115
  1.630000000000004E-003         199        -114
  1.640000000000004E-003         199        -114
  1.650000000000004E-003         198        -113
  1.660000000000004E-003         198        -112
  1.670000000000004E-003         197        -111
  1.680000000000004E-003         196        -110
  1.690000000000004E-003         196        -109
  1.700000000000004E-003         195        -108
  1.710000000000004E-003         194        -106
  1.720000000000004E-003         193        -105
  1.730000000000004E-003         192        -104
  1.740000000000004E-003         191        -103
  1.750000000000004E-003         191        -102
  1.760000000000004E-003         190        -100
  1.770000000000004E-003         189         -99
  1.780000000000004E-003         188         -98
  1.790000000000004E-003         187         -96
  1.800000000000004E-003         186         -95
  1.810000000000004E-003         185         -94
  1.820000000000004E-003         185         -92
  1.830000000000004E-003         184         -91
  1.840000000000004E-003         183         -89
  1.850000000000004E-003         182         -88
  1.860000000000004E-003         181         -87
  1.870000000000004E-003         180         -85
  1.880000000000004E-003         179         -84
  1.890000000000004E-003         179         -82
  1.900000000000004E-003         177         -81
  1.910000000000004E-003         177         -79
  1.920000000000004E-003         176         -78
  1.930000000000004E-003         175         -76
  1.940000000000004E-003         174         -75
  1.950000000000004E-003         173         -73
  1.960000000000004E-003         172         -72
  1.970000000000004E-003         171         -70
  1.980000000000004E-003         170         -69
  1.990000000000004E-003         170         -67
  2.000000000000004E-003         169         -66
  2.010000000000004E-003         168         -64
  2.020000000000004E-003         167         -63
  2.030000000000004E-003         166         -61
  2.040000000000004E-003         165         -60
  2.050000000000005E-003         164         -59
  2.060000000000005E-003         164         -57
  2.070000000000005E-003         163         -56
  2.080000000000005E-003         162         -54
  2.090000000000005E-003         161         -53
  2.100000000000005E-003         160         -51
  2.110000000000005E-003         159         -50
  2.120000000000005E-003         159         -48
  2.130000000000005E-003         158         -47
  2.140000000000005E-003         157         -45
  2.150000000000005E-003         156         -44
  2.160000000000005E-003         155         -42
  2.170000000000005E-003         154         -41
  2.180000000000005E-003         153         -39
  2.190000000000005E-003         152         -38
  2.200000000000005E-003         152         -36
  2.210000000000005E-003         151         -35
  2.220000000000005E-003         150         -33
  2.230000000000005E-003         149         -32
  2.240000000000005E-003         148         -30
  2.250000000000005E-003         147         -29
  2.260000000000005E-003         146         -27
  2.270000000000005E-003         146         -26
  2.280000000000005E-003         145         -24
  2.290000000000005E-003         144         -23
  2.300000000000005E-003         143         -21
  2.310000000000005E-003         142         -20
  2.320000000000005E-003         141         -18
  2.330000000000005E-003         140         -17
  2.340000000000005E-003         140         -15
  2.350000000000005E-003         139         -14
  2.360000000000005E-003         138         -12
  2.370000000000005E-003         137         -11
  2.380000000000005E-003         136          -9
  2.390000000000005E-003         135          -8
  2.400000000000005E-003         134          -7
  2.410000000000005E-003         134          -5
  2.420000000000005E-003         133          -4
  2.430000000000006E-003         132          -2
  2.440000000000006E-003         131          -1
  2.450000000000006E-003         130           1
  2.460000000000006E-003         129           2
  2.470000000000006E-003         128           4
  2.480000000000006E-003         128           5
  2.490000000000006E-003         127           7
  2.500000000000006E-003         126           8
  2.510000000000006E-003         125          10
  2.520000000000006E-003         124          11
  2.530000000000006E-003         123          13
  2.540000000000006E-003         122          14
  2.550000000000006E-003         122          16
  2.560000000000006E-003         121          17
  2.570000000000006E-003         120          19
  2.580000000000006E-003         119          20
  2.590000000000006E-003         118          22
  2.600000000000006E-003         117          23
  2.610000000000006E-003         116          25
  2.620000000000006E-003         116          26
  2.630000000000006E-003         115          28
  2.640000000000006E-003         114          29
  2.650000000000006E-003         113          31
  2.660000000000006E-003         112          32
  2.670000000000006E-003         111          34
  2.680000000000006E-003         110          35
  2.690000000000006E-003         109          37
  2.700000000000006E-003         109          38
  2.710000000000006E-003         108          40
  2.720000000000006E-003         107          41
  2.730000000000006E-003         106          43
  2.740000000000006E-003         105          44
  2.750000000000006E-003         104          46
  2.760000000000006E-003         103          47
  2.770000000000006E-003         103          49
  2.780000000000006E-003         102          50
  2.790000000000006E-003         101          52
  2.800000000000006E-003         100          53
  2.810000000000007E-003          99          54
  2.820000000000007E-003          98          56
  2.830000000000007E-003          97          57
  2.840000000000007E-003          97          59
  2.850000000000007E-003          96          60
  2.860000000000007E-003          95          62
  2.870000000000007E-003          94          63
  2.880000000000007E-003          93          65
  2.890000000000007E-003          92          66
  2.900000000000007E-003          91          68
  2.910000000000007E-003          90          69
  2.920000000000007E-003          90          71
  2.930000000000007E-003          89          72
  2.940000000000007E-003          88          74
  2.950000000000007E-003          87          75
  2.960000000000007E-003          86          77
  2.970000000000007E-003          85          78
  2.980000000000007E-003          85          80
  2.990000000000007E-003          84          81
  3.000000000000007E-003          83          83
