2.500000000000000000e+00 1.835917914771869164e+01 1.083844296365783721e+00
7.500000000000000000e+00 9.208892880657945312e+00 1.271539384221926916e+00
5.000000000000000000e+00 1.373733529546458065e+01 1.373330824445605280e+00
1.750000000000000000e+01 8.197813251741786544e+00 4.505271897285213711e+00
1.000000000000000000e+01 6.805960742559798327e+00 2.079410015172067805e+00
1.500000000000000000e+01 6.297104033131479817e+00 2.328079882609606965e+00
8.000000000000000000e+01 2.163711793760509483e+00 4.869629548585345247e-01
2.000000000000000000e+01 4.269454983651790769e+00 2.009223782288977134e+00
9.000000000000000000e+01 1.854078478270677399e+00 3.119137563586778517e-01
3.000000000000000000e+01 7.042205775683915370e+00 3.546203496931311872e+00
1.250000000000000000e+01 7.289291091170006176e+00 2.489445449280690337e+00
7.000000000000000000e+01 2.253356316520699565e+00 8.533622109920847576e-01
4.000000000000000000e+01 7.195633525185336055e+00 4.653189737880860655e+00
5.000000000000000000e+01 3.196121124954509174e+00 1.866807001541265665e+00
6.000000000000000000e+01 5.480979068212415761e+00 2.669401878843565612e+00
