 # theta =    90.0000000000000       degree
  -3.14159265358979       -40.5984014848534     
  -3.13845106093620       -40.5982474954165     
  -3.13530946828261       -40.5977853477951     
  -3.13216787562902       -40.5970152234928     
  -3.12902628297543       -40.5959369453927     
  -3.12588469032184       -40.5945506971919     
  -3.12274309766825       -40.5928563039664     
  -3.11960150501466       -40.5908539516064     
  -3.11645991236107       -40.5885434673821     
  -3.11331831970748       -40.5859250393766     
  -3.11017672705390       -40.5829984970539     
  -3.10703513440031       -40.5797640306912     
  -3.10389354174672       -40.5762214719454     
  -3.10075194909313       -40.5723710132880     
  -3.09761035643954       -40.5682124885702     
  -3.09446876378595       -40.5637460924570     
  -3.09132717113236       -40.5589716609944     
  -3.08818557847877       -40.5538893910414     
  -3.08504398582518       -40.5484991208389     
  -3.08190239317159       -40.5428010494405     
  -3.07876080051800       -40.5367950172819     
  -3.07561920786441       -40.5304812256120     
  -3.07247761521082       -40.5238595170618     
  -3.06933602255723       -40.5169300950760     
  -3.06619442990364       -40.5096928044809     
  -3.06305283725005       -40.5021478509172     
  -3.05991124459646       -40.4942950814080     
  -3.05676965194287       -40.4861347037904     
  -3.05362805928928       -40.4776665672838     
  -3.05048646663569       -40.4688908819227     
  -3.04734487398210       -40.4598074991241     
  -3.04420328132851       -40.4504166311196     
  -3.04106168867492       -40.4407181315250     
  -3.03792009602133       -40.4307122147695     
  -3.03477850336774       -40.4203987366674     
  -3.03163691071415       -40.4097779138479     
  -3.02849531806056       -40.3988496043242     
  -3.02535372540697       -40.3876140269246     
  -3.02221213275338       -40.3760710418629     
  -3.01907054009979       -40.3642208701681     
  -3.01592894744620       -40.3520633742546     
  -3.01278735479261       -40.3395987773527     
  -3.00964576213902       -40.3268269440790     
  -3.00650416948543       -40.3137480998654     
  -3.00336257683184       -40.3003621115314     
  -3.00022098417825       -40.2866692067119     
  -2.99707939152466       -40.2726692544298     
  -2.99393779887107       -40.2583624845244     
  -2.99079620621748       -40.2437487682227     
  -2.98765461356389       -40.2288283375695     
  -2.98451302091030       -40.2136010659971     
  -2.98137142825671       -40.1980671877559     
  -2.97822983560312       -40.1822265784856     
  -2.97508824294953       -40.1660794746430     
  -2.97194665029594       -40.1496257540760     
  -2.96880505764235       -40.1328656554495     
  -2.96566346498876       -40.1157990588200     
  -2.96252187233517       -40.0984262050621     
  -2.95938027968159       -40.0807469764424     
  -2.95623868702800       -40.0627616160460     
  -2.95309709437441       -40.0444700083508     
  -2.94995550172082       -40.0258723986533     
  -2.94681390906723       -40.0069686736448     
  -2.94367231641364       -39.9877590808347     
  -2.94053072376005       -39.9682435091279     
  -2.93738913110646       -39.9484222082486     
  -2.93424753845287       -39.9282950693171     
  -2.93110594579928       -39.9078623442728     
  -2.92796435314569       -39.8871239264534     
  -2.92482276049210       -39.8660800700155     
  -2.92168116783851       -39.8447306705148     
  -2.91853957518492       -39.8230759843268     
  -2.91539798253133       -39.8011159092271     
  -2.91225638987774       -39.7788507038110     
  -2.90911479722415       -39.7562802680757     
  -2.90597320457056       -39.7334048628385     
  -2.90283161191697       -39.7102243903192     
  -2.89969001926338       -39.6867391135587     
  -2.89654842660979       -39.6629489370014     
  -2.89340683395620       -39.6388541259130     
  -2.89026524130261       -39.6144545869645     
  -2.88712364864902       -39.5897505876484     
  -2.88398205599543       -39.5647420368634     
  -2.88084046334184       -39.5394292043310     
  -2.87769887068825       -39.5138120011793     
  -2.87455727803466       -39.4878906993600     
  -2.87141568538107       -39.4616652122334     
  -2.86827409272748       -39.4351358139830     
  -2.86513250007389       -39.4083024202028     
  -2.86199090742030       -39.3811653073101     
  -2.85884931476671       -39.3537243931345     
  -2.85570772211312       -39.3259799563294     
  -2.85256612945953       -39.2979319169616     
  -2.84942453680594       -39.2695805559226     
  -2.84628294415235       -39.2409257955188     
  -2.84314135149876       -39.2119679188814     
  -2.83999975884517       -39.1827068505584     
  -2.83685816619158       -39.1531428759233     
  -2.83371657353799       -39.1232759217674     
  -2.83057498088440       -39.0931062757087     
  -2.82743338823081       -39.0626338667840     
  -2.82429179557722       -39.0318589848577     
  -2.82115020292363       -39.0007815612150     
  -2.81800861027004       -38.9694018879685     
  -2.81486701761645       -38.9377198986536     
  -2.81172542496286       -38.9057358876341     
  -2.80858383230927       -38.8734497906977     
  -2.80544223965569       -38.8408619044613     
  -2.80230064700210       -38.8079721669679     
  -2.79915905434851       -38.7747808770895     
  -2.79601746169492       -38.7412879751264     
  -2.79287586904133       -38.7074937622090     
  -2.78973427638774       -38.6733981808971     
  -2.78659268373415       -38.6390015345815     
  -2.78345109108056       -38.6043037680841     
  -2.78030949842697       -38.5693051870588     
  -2.77716790577338       -38.5340057385923     
  -2.77402631311979       -38.4984057306038     
  -2.77088472046620       -38.4625051124477     
  -2.76774312781261       -38.4263041943110     
  -2.76460153515902       -38.3898029278182     
  -2.76145994250543       -38.3530016254271     
  -2.75831834985184       -38.3159002410350     
  -2.75517675719825       -38.2784990893731     
  -2.75203516454466       -38.2407981266139     
  -2.74889357189107       -38.2027976697649     
  -2.74575197923748       -38.1644976772772     
  -2.74261038658389       -38.1258984684373     
  -2.73946879393030       -38.0870000039769     
  -2.73632720127671       -38.0478026054646     
  -2.73318560862312       -38.0083062359164     
  -2.73004401596953       -37.9685112191852     
  -2.72690242331594       -37.9284175205742     
  -2.72376083066235       -37.8880254662241     
  -2.72061923800876       -37.8473350237278     
  -2.71747764535517       -37.8063465215169     
  -2.71433605270158       -37.7650599294774     
  -2.71119446004799       -37.7234755783344     
  -2.70805286739440       -37.6815934402703     
  -2.70491127474081       -37.6394138483067     
  -2.70176968208722       -37.5969367769254     
  -2.69862808943363       -37.5541625614485     
  -2.69548649678004       -37.5110911786597     
  -2.69234490412645       -37.4677229661844     
  -2.68920331147286       -37.4240579031122     
  -2.68606171881927       -37.3800963293752     
  -2.68292012616568       -37.3358382263717     
  -2.67977853351209       -37.2912839363437     
  -2.67663694085850       -37.2464334430018     
  -2.67349534820491       -37.2012870909014     
  -2.67035375555132       -37.1558448660691     
  -2.66721216289773       -37.1101071153765     
  -2.66407057024414       -37.0640738271695     
  -2.66092897759055       -37.0177453506399     
  -2.65778738493696       -36.9711216764567     
  -2.65464579228338       -36.9242031561351     
  -2.65150419962979       -36.8769897826702     
  -2.64836260697620       -36.8294819099048     
  -2.64522101432261       -36.7816795331637     
  -2.64207942166902       -36.7335830086209     
  -2.63893782901543       -36.6851923339347     
  -2.63579623636184       -36.6365078676137     
  -2.63265464370825       -36.5875296096535     
  -2.62951305105466       -36.5382579209010     
  -2.62637145840107       -36.4886928036933     
  -2.62322986574748       -36.4388346212190     
  -2.62008827309389       -36.3886833781606     
  -2.61694668044030       -36.3382394400525     
  -2.61380508778671       -36.2875028139262     
  -2.61066349513312       -36.2364738676662     
  -2.60752190247953       -36.1851526106565     
  -2.60438030982594       -36.1335394131358     
  -2.60123871717235       -36.0816342868448     
  -2.59809712451876       -36.0294376043803     
  -2.59495553186517       -35.9769493798440     
  -2.59181393921158       -35.9241699881946     
  -2.58867234655799       -35.8710994458991     
  -2.58553075390440       -35.8177381302820     
  -2.58238916125081       -35.7640860601797     
  -2.57924756859722       -35.7101436152875     
  -2.57610597594363       -35.6559108168150     
  -2.57296438329004       -35.6013880468321     
  -2.56982279063645       -35.5465753289263     
  -2.56668119798286       -35.4914730475463     
  -2.56353960532927       -35.4360812286621     
  -2.56039801267568       -35.3804002591058     
  -2.55725642002209       -35.3244301672337     
  -2.55411482736850       -35.2681713422656     
  -2.55097323471491       -35.2116238149494     
  -2.54783164206132       -35.1547879768968     
  -2.54469004940773       -35.0976638612513     
  -2.54154845675414       -35.0402518620217     
  -2.53840686410055       -34.9825520147517     
  -2.53526527144696       -34.9245647158514     
  -2.53212367879337       -34.8662900032695     
  -2.52898208613978       -34.8077282758222     
  -2.52584049348619       -34.7488795738679     
  -2.52269890083260       -34.6897442986335     
  -2.51955730817901       -34.6303224928920     
  -2.51641571552542       -34.5706145602861     
  -2.51327412287183       -34.5106205460077     
  -2.51013253021824       -34.4503408561203     
  -2.50699093756465       -34.3897755382400     
  -2.50384934491107       -34.3289250008556     
  -2.50070775225748       -34.2677892940125     
  -2.49756615960389       -34.2063688286299     
  -2.49442456695030       -34.1446636571874     
  -2.49128297429671       -34.0826741930397     
  -2.48814138164312       -34.0204004911055     
  -2.48499978898953       -33.9578429671806     
  -2.48185819633594       -33.8950016786279     
  -2.47871660368235       -33.8318770436888     
  -2.47557501102876       -33.7684691221763     
  -2.47243341837517       -33.7047783347825     
  -2.46929182572158       -33.6408047437756     
  -2.46615023306799       -33.5765487723040     
  -2.46300864041440       -33.5120104850961     
  -2.45986704776081       -33.4471903077624     
  -2.45672545510722       -33.3820883074969     
  -2.45358386245363       -33.3167049123771     
  -2.45044226980004       -33.2510401920686     
  -2.44730067714645       -33.1850945771214     
  -2.44415908449286       -33.1188681396778     
  -2.44101749183927       -33.0523613127663     
  -2.43787589918568       -32.9855741710118     
  -2.43473430653209       -32.9185071499265     
  -2.43159271387850       -32.8511603266234     
  -2.42845112122491       -32.7835341391046     
  -2.42530952857132       -32.7156286669768     
  -2.42216793591773       -32.6474443507376     
  -2.41902634326414       -32.5789812724936     
  -2.41588475061055       -32.5102398752435     
  -2.41274315795696       -32.4412202435996     
  -2.40960156530337       -32.3719228230678     
  -2.40645997264978       -32.3023477007723     
  -2.40331837999619       -32.2324953247317     
  -2.40017678734260       -32.1623657845884     
  -2.39703519468901       -32.0919595308802     
  -2.39389360203542       -32.0212766557729     
  -2.39075200938183       -31.9503176123302     
  -2.38761041672824       -31.8790824952476     
  -2.38446882407465       -31.8075717601206     
  -2.38132723142106       -31.7357855041809     
  -2.37818563876747       -31.6637241855618     
  -2.37504404611388       -31.5913879040379     
  -2.37190245346029       -31.5187771202865     
  -2.36876086080670       -31.4458919366313     
  -2.36561926815311       -31.3727328163003     
  -2.36247767549952       -31.2992998641727     
  -2.35933608284593       -31.2255935460339     
  -2.35619449019234       -31.1516139693249     
  -2.35305289753876       -31.0773616023949     
  -2.34991130488517       -31.0028365552539     
  -2.34676971223158       -30.9280392988212     
  -2.34362811957799       -30.8529699456824     
  -2.34048652692440       -30.7776289693342     
  -2.33734493427081       -30.7020164849440     
  -2.33420334161722       -30.6261329685926     
  -2.33106174896363       -30.5499785380368     
  -2.32792015631004       -30.4735536719481     
  -2.32477856365645       -30.3968584906791     
  -2.32163697100286       -30.3198934754995     
  -2.31849537834927       -30.2426587493650     
  -2.31535378569568       -30.1651547961499     
  -2.31221219304209       -30.0873817414204     
  -2.30907060038850       -30.0093400716626     
  -2.30592900773491       -29.9310299150603     
  -2.30278741508132       -29.8524517607186     
  -2.29964582242773       -29.7736057394462     
  -2.29650422977414       -29.6944923429747     
  -2.29336263712055       -29.6151117047444     
  -2.29022104446696       -29.5354643191215     
  -2.28707945181337       -29.4555503221855     
  -2.28393785915978       -29.3753702109436     
  -2.28079626650619       -29.2949241241226     
  -2.27765467385260       -29.2142125613788     
  -2.27451308119901       -29.1332356640932     
  -2.27137148854542       -29.0519939345788     
  -2.26822989589183       -28.9704875168790     
  -2.26508830323824       -28.8887169159708     
  -2.26194671058465       -28.8066822785678     
  -2.25880511793106       -28.7243841123192     
  -2.25566352527747       -28.6418225666164     
  -2.25252193262388       -28.5589981517884     
  -2.24938033997029       -28.4759110199126     
  -2.24623874731670       -28.3925616840061     
  -2.24309715466311       -28.3089502988399     
  -2.23995556200952       -28.2250773801273     
  -2.23681396935593       -28.1409430853412     
  -2.23367237670234       -28.0565479328991     
  -2.23053078404875       -27.9718920829843     
  -2.22738919139516       -27.8869760567265     
  -2.22424759874157       -27.8018000170278     
  -2.22110600608798       -27.7163644877384     
  -2.21796441343439       -27.6306696344875     
  -2.21482282078080       -27.5447159838544     
  -2.21168122812721       -27.4585037042038     
  -2.20853963547362       -27.3720333248528     
  -2.20539804282003       -27.2853050169102     
  -2.20225645016645       -27.1983193124391     
  -2.19911485751286       -27.1110763853013     
  -2.19597326485927       -27.0235767703149     
  -2.19283167220568       -26.9358206441032     
  -2.18969007955209       -26.8478085442482     
  -2.18654848689850       -26.7595406501435     
  -2.18340689424491       -26.6710175021439     
  -2.18026530159132       -26.5822392824224     
  -2.17712370893773       -26.4932065341156     
  -2.17398211628414       -26.4039194421849     
  -2.17084052363055       -26.3143785525577     
  -2.16769893097696       -26.2245840529933     
  -2.16455733832337       -26.1345364922188     
  -2.16141574566978       -26.0442360608007     
  -2.15827415301619       -25.9536833102753     
  -2.15513256036260       -25.8628784340255     
  -2.15199096770901       -25.7718219864062     
  -2.14884937505542       -25.6805141636263     
  -2.14570778240183       -25.5889555228690     
  -2.14256618974824       -25.4971462631783     
  -2.13942459709465       -25.4050869445756     
  -2.13628300444106       -25.3127777689497     
  -2.13314141178747       -25.2202192991697     
  -2.12999981913388       -25.1274117399795     
  -2.12685822648029       -25.0343556571053     
  -2.12371663382670       -24.9410512581559     
  -2.12057504117311       -24.8474991117249     
  -2.11743344851952       -24.7536994282958     
  -2.11429185586593       -24.6596527793398     
  -2.11115026321234       -24.5653593782251     
  -2.10800867055875       -24.4708197993105     
  -2.10486707790516       -24.3760342588595     
  -2.10172548525157       -24.2810033341286     
  -2.09858389259798       -24.1857272442868     
  -2.09544229994439       -24.0902065694988     
  -2.09230070729080       -23.9944415318495     
  -2.08915911463721       -23.8984327144224     
  -2.08601752198362       -23.8021803422289     
  -2.08287592933003       -23.7056850012817     
  -2.07973433667644       -23.6089469195297     
  -2.07659274402285       -23.5119666859252     
  -2.07345115136926       -23.4147445313653     
  -2.07030955871567       -23.3172810477534     
  -2.06716796606208       -23.2195764689454     
  -2.06402637340849       -23.1216313898062     
  -2.06088478075490       -23.0234460471620     
  -2.05774318810131       -22.9250210388507     
  -2.05460159544772       -22.8263566046793     
  -2.05146000279414       -22.7274533454700     
  -2.04831841014055       -22.6283115040223     
  -2.04517681748696       -22.5289316841536     
  -2.04203522483337       -22.4293141316675     
  -2.03889363217978       -22.3294594533881     
  -2.03575203952619       -22.2293678981345     
  -2.03261044687260       -22.1290400757491     
  -2.02946885421901       -22.0284762380780     
  -2.02632726156542       -21.9276769979939     
  -2.02318566891183       -21.8266426103818     
  -2.02004407625824       -21.7253736911561     
  -2.01690248360465       -21.6238704982526     
  -2.01376089095106       -21.5221336506398     
  -2.01061929829747       -21.4201634093162     
  -2.00747770564388       -21.3179603963161     
  -2.00433611299029       -21.2155248757133     
  -2.00119452033670       -21.1128574726203     
  -1.99805292768311       -21.0099584541979     
  -1.99491133502952       -20.9068284486494     
  -1.99176974237593       -20.8034677262355     
  -1.98862814972234       -20.6998769182622     
  -1.98548655706875       -20.5960562981027     
  -1.98234496441516       -20.4920065001788     
  -1.97920337176157       -20.3877278009886     
  -1.97606177910798       -20.2832208380825     
  -1.97292018645439       -20.1784858910965     
  -1.96977859380080       -20.0735236007222     
  -1.96663700114721       -19.9683342497469     
  -1.96349540849362       -19.8629184820162     
  -1.96035381584003       -19.7572765834817     
  -1.95721222318644       -19.6514092011568     
  -1.95407063053285       -19.5453166241701     
  -1.95092903787926       -19.4389995027161     
  -1.94778744522567       -19.3324581291146     
  -1.94464585257208       -19.2256931567539     
  -1.94150425991849       -19.1187048811587     
  -1.93836266726490       -19.0114939589253     
  -1.93522107461131       -18.9040606887965     
  -1.93207948195772       -18.7964057305904     
  -1.92893788930413       -18.6885293862819     
  -1.92579629665054       -18.5804323189251     
  -1.92265470399695       -18.4721148337409     
  -1.91951311134336       -18.3635775970332     
  -1.91637151868977       -18.2548209172834     
  -1.91322992603618       -18.1458454640595     
  -1.91008833338259       -18.0366515491176     
  -1.90694674072900       -17.9272398453041     
  -1.90380514807541       -17.8176106676647     
  -1.90066355542182       -17.7077646923387     
  -1.89752196276823       -17.5977022376757     
  -1.89438037011465       -17.4874239831230     
  -1.89123877746106       -17.3769302503489     
  -1.88809718480747       -17.2662217221233     
  -1.88495559215388       -17.1552987234487     
  -1.88181399950029       -17.0441619404325     
  -1.87867240684670       -16.9328117014264     
  -1.87553081419311       -16.8212486958907     
  -1.87238922153952       -16.7094732555415     
  -1.86924762888593       -16.5974860732077     
  -1.86610603623234       -16.4852874839852     
  -1.86296444357875       -16.3728781840869     
  -1.85982285092516       -16.2602585120044     
  -1.85668125827157       -16.1474291673503     
  -1.85353966561798       -16.0343904920278     
  -1.85039807296439       -15.9211431890651     
  -1.84725648031080       -15.8076876037931     
  -1.84411488765721       -15.6940244426717     
  -1.84097329500362       -15.5801540544758     
  -1.83783170235003       -15.4660771491133     
  -1.83469010969644       -15.3517940788194     
  -1.83154851704285       -15.2373055569664     
  -1.82840692438926       -15.1226119392667     
  -1.82526533173567       -15.0077139425737     
  -1.82212373908208       -14.8926119260934     
  -1.81898214642849       -14.7773066101776     
  -1.81584055377490       -14.6617983575428     
  -1.81269896112131       -14.5460878920558     
  -1.80955736846772       -14.4301755799612     
  -1.80641577581413       -14.3140621486583     
  -1.80327418316054       -14.1977479679368     
  -1.80013259050695       -14.0812337687459     
  -1.79699099785336       -13.9645199244382     
  -1.79384940519977       -13.8476071695302     
  -1.79070781254618       -13.7304958809555     
  -1.78756621989259       -13.6131867968157     
  -1.78442462723900       -13.4956802976430     
  -1.78128303458541       -13.3779771251426     
  -1.77814144193182       -13.2600776634635     
  -1.77499984927823       -13.1419826579324     
  -1.77185825662464       -13.0236924963337     
  -1.76871666397105       -12.9052079276342     
  -1.76557507131746       -12.7865293432723     
  -1.76243347866387       -12.6676574958733     
  -1.75929188601028       -12.5485927805486     
  -1.75615029335669       -12.4293359536011     
  -1.75300870070310       -12.3098874138341     
  -1.74986710804951       -12.1902479212473     
  -1.74672551539592       -12.0704178783550     
  -1.74358392274234       -11.9503980488731     
  -1.74044233008875       -11.8301888390465     
  -1.73730073743516       -11.7097910163269     
  -1.73415914478157       -11.5892049907096     
  -1.73101755212798       -11.4684315334016     
  -1.72787595947439       -11.3474710581687     
  -1.72473436682080       -11.2263243399935     
  -1.72159277416721       -11.1049917964322     
  -1.71845118151362       -10.9834742062631     
  -1.71530958886003       -10.8617719908537     
  -1.71216799620644       -10.7398859327985     
  -1.70902640355285       -10.6178164572966     
  -1.70588481089926       -10.4955643507795     
  -1.70274321824567       -10.3731300422992     
  -1.69960162559208       -10.2505143221450     
  -1.69646003293849       -10.1277176232427     
  -1.69331844028490       -10.0047407397610     
  -1.69017684763131       -9.88158410852088     
  -1.68703525497772       -9.75824852759190     
  -1.68389366232413       -9.63473443771191     
  -1.68075206967054       -9.51104264087293     
  -1.67761047701695       -9.38717358175182     
  -1.67446888436336       -9.26312806628507     
  -1.67132729170977       -9.13890654311068     
  -1.66818569905618       -9.01450982213191     
  -1.66504410640259       -8.88993835597037     
  -1.66190251374900       -8.76519295851870     
  -1.65876092109541       -8.64027408640483     
  -1.65561932844182       -8.51518255753356     
  -1.65247773578823       -8.38991883256219     
  -1.64933614313464       -8.26448373343082     
  -1.64619455048105       -8.13887772484942     
  -1.64305295782746       -8.01310163281669     
  -1.63991136517387       -7.88715592611889     
  -1.63676977252028       -7.76104143483704     
  -1.63362817986669       -7.63475863185752     
  -1.63048658721310       -7.50830835136762     
  -1.62734499455951       -7.38169107037800     
  -1.62420340190592       -7.25490762720646     
  -1.62106180925233       -7.12795850301245     
  -1.61792021659874       -7.00084454026879     
  -1.61477862394515       -6.87356622430847     
  -1.61163703129156       -6.74612440178416     
  -1.60849543863797       -6.61851956222752     
  -1.60535384598438       -6.49075255649619     
  -1.60221225333079       -6.36282387834585     
  -1.59907066067720       -6.23473438286464     
  -1.59592906802361       -6.10648456805788     
  -1.59278747537003       -5.97807529327001     
  -1.58964588271644       -5.84950706078206     
  -1.58650429006285       -5.72078073422079     
  -1.58336269740926       -5.59189682016933     
  -1.58022110475567       -5.46285618656319     
  -1.57707951210208       -5.33365934431419     
  -1.57393791944849       -5.20430716569343     
  -1.57079632679490       -5.07480016596844     
  -1.56765473414131       -4.94513922177295     
  -1.56451314148772       -4.81532485275754     
  -1.56137154883413       -4.68535793994601     
  -1.55822995618054       -4.55523900739971     
  -1.55508836352695       -4.42496894056027     
  -1.55194677087336       -4.29454826792787     
  -1.54880517821977       -4.16397787939008     
  -1.54566358556618       -4.03325830791429     
  -1.54252199291259       -3.90239044786259     
  -1.53938040025900       -3.77137483669826     
  -1.53623880760541       -3.64021237328673     
  -1.53309721495182       -3.50890359961641     
  -1.52995562229823       -3.37744941908523     
  -1.52681402964464       -3.24585037823626     
  -1.52367243699105       -3.11410738502954     
  -1.52053084433746       -2.98222099059259     
  -1.51738925168387       -2.85019210747763     
  -1.51424765903028       -2.71802129142695     
  -1.51110606637669       -2.58570945961521     
  -1.50796447372310       -2.45325717243014     
  -1.50482288106951       -2.32066535169971     
  -1.50168128841592       -2.18793456248805     
  -1.49853969576233       -2.05506573130765     
  -1.49539810310874       -1.92205942793055     
  -1.49225651045515       -1.78891658358520     
  -1.48911491780156       -1.65563777278357     
  -1.48597332514797       -1.52222393150203     
  -1.48283173249438       -1.38867563902469     
  -1.47969013984079       -1.25499383610835     
  -1.47654854718720       -1.12117910684197     
  -1.47340695453361      -0.987232396795559     
  -1.47026536188002      -0.853154294896157     
  -1.46712376922643      -0.718945751560260     
  -1.46398217657284      -0.584607360586500     
  -1.46084058391925      -0.450140077271654     
  -1.45769899126566      -0.315544500320016     
  -1.45455739861207      -0.180821589942695     
  -1.45141580595848      -4.597194978425886E-002
  -1.44827421330489       8.900345499521235E-002
  -1.44513262065130       0.224104015776008     
  -1.44199102799772       0.359328762413909     
  -1.43884943534413       0.494677081278602     
  -1.43570784269054       0.630147997206214     
  -1.43256625003695       0.765740891519926     
  -1.42942465738336       0.901454784000140     
  -1.42628306472977        1.03728905088712     
  -1.42314147207618        1.17324270686899     
  -1.41999987942259        1.30931512306614     
  -1.41685828676900        1.44550530903745     
  -1.41371669411541        1.58181263074605     
  -1.41057510146182        1.71823609258399     
  -1.40743350880823        1.85477505531925     
  -1.40429191615464        1.99142851813894     
  -1.40115032350105        2.12819583657734     
  -1.39800873084746        2.26507600457821     
  -1.39486713819387        2.40206837240316     
  -1.39172554554028        2.53917192871331     
  -1.38858395288669        2.67638601845820     
  -1.38544236023310        2.81370962497661     
  -1.38230076757951        2.95114208786588     
  -1.37915917492592        3.08868238510231     
  -1.37601758227233        3.22632985089033     
  -1.37287598961874        3.36408345780302     
  -1.36973439696515        3.50194253461074     
  -1.36659280431156        3.63990604844183     
  -1.36345121165797        3.77797332259083     
  -1.36030961900438        3.91614331869956     
  -1.35716802635079        4.05441535454417     
  -1.35402643369720        4.19278838623744     
  -1.35088484104361        4.33126172599426     
  -1.34774324839002        4.46983432435505     
  -1.34460165573643        4.60850548792989     
  -1.34146006308284        4.74727416164314     
  -1.33831847042925        4.88613964645574     
  -1.33517687777566        5.02510088163167     
  -1.33203528512207        5.16415716243784     
  -1.32889369246848        5.30330742243276     
  -1.32575209981489        5.44255095114378     
  -1.32261050716130        5.58188667637826     
  -1.31946891450771        5.72131388187787     
  -1.31632732185412        5.86083148965244     
  -1.31318572920053        6.00043877761104     
  -1.31004413654694        6.14013466191891     
  -1.30690254389335        6.27991841460503     
  -1.30376095123976        6.41978894594232     
  -1.30061935858617        6.55974552203137     
  -1.29747776593258        6.69978704720437     
  -1.29433617327899        6.83991278158463     
  -1.29119458062541        6.98012162351434     
  -1.28805298797182        7.12041282708983     
  -1.28491139531823        7.26078528461353     
  -1.28176980266464        7.40123824410417     
  -1.27862821001105        7.54177059177384     
  -1.27548661735746        7.68238156951262     
  -1.27234502470387        7.82307005739084     
  -1.26920343205028        7.96383529111780     
  -1.26606183939669        8.10467614456985     
  -1.26292024674310        8.24559184722306     
  -1.25977865408951        8.38658126670676     
  -1.25663706143592        8.52764362620987     
  -1.25349546878233        8.66877778706118     
  -1.25035387612874        8.80998296610828     
  -1.24721228347515        8.95125801832465     
  -1.24407069082156        9.09260215416130     
  -1.24092909816797        9.23401422218095     
  -1.23778750551438        9.37549342638199     
  -1.23464591286079        9.51703860886016     
  -1.23150432020720        9.65864896710427     
  -1.22836272755361        9.80032333668584     
  -1.22522113490002        9.94206090852638     
  -1.22207954224643        10.0838605116151     
  -1.21893794959284        10.2257213302474     
  -1.21579635693925        10.3676421867713     
  -1.21265476428566        10.5096222587964     
  -1.20951317163207        10.6516603619698     
  -1.20637157897848        10.7937556671546     
  -1.20322998632489        10.9359069832359     
  -1.20008839367130        11.0781134742690     
  -1.19694680101771        11.2203739423152     
  -1.19380520836412        11.3626875445593     
  -1.19066361571053        11.5050530761762     
  -1.18752202305694        11.6474696874166     
  -1.18438043040335        11.7899361665051     
  -1.18123883774976        11.9324516566937     
  -1.17809724509617        12.0750149391920     
  -1.17495565244258        12.2176251501878     
  -1.17181405978899        12.3602810638095     
  -1.16867246713540        12.5029818091141     
  -1.16553087448181        12.6457261530821     
  -1.16238928182822        12.7885132175716     
  -1.15924768917463        12.9313417623472     
  -1.15610609652104        13.0742109019995     
  -1.15296450386745        13.2171193890078     
  -1.14982291121386        13.3600663306250     
  -1.14668131856027        13.5030504719749     
  -1.14353972590668        13.6460709129018     
  -1.14039813325310        13.7891263911022     
  -1.13725654059951        13.9322159989393     
  -1.13411494794592        14.0753384666100     
  -1.13097335529233        14.2184928789226     
  -1.12783176263874        14.3616779585004     
  -1.12469016998515        14.5048927825219     
  -1.12154857733156        14.6481360659618     
  -1.11840698467797        14.7914068782930     
  -1.11526539202438        14.9347039267647     
  -1.11212379937079        15.0780262730667     
  -1.10898220671720        15.2213726166452     
  -1.10584061406361        15.3647420113281     
  -1.10269902141002        15.5081331486796     
  -1.09955742875643        15.6515450745858     
  -1.09641583610284        15.7949764726480     
  -1.09327424344925        15.9384263807290     
  -1.09013265079566        16.0818934743858     
  -1.08699105814207        16.2253767833745     
  -1.08384946548848        16.3688749751249     
  -1.08070787283489        16.5123870712023     
  -1.07756628018130        16.6559117308237     
  -1.07442468752771        16.7994479672781     
  -1.07128309487412        16.9429944314840     
  -1.06814150222053        17.0865501283661     
  -1.06499990956694        17.2301137004568     
  -1.06185831691335        17.3736841442277     
  -1.05871672425976        17.5172600937355     
  -1.05557513160617        17.6608405369085     
  -1.05243353895258        17.8044240992365     
  -1.04929194629899        17.9480097600125     
  -1.04615035364540        18.0915961360668     
  -1.04300876099181        18.2351821979630     
  -1.03986716833822        18.3787665537781     
  -1.03672557568463        18.5223481652504     
  -1.03358398303104        18.6659256316075     
  -1.03044239037745        18.8094979056655     
  -1.02730079772386        18.9530635777047     
  -1.02415920507027        19.0966215915199     
  -1.02101761241668        19.2401705283443     
  -1.01787601976309        19.3837093228505     
  -1.01473442710950        19.5272365471237     
  -1.01159283445591        19.6707511266109     
  -1.00845124180232        19.8142516241460     
  -1.00530964914873        19.9577369558461     
  -1.00216805649514        20.1012056751883     
 -0.999026463841554        20.2446566888529     
 -0.995884871187964        20.3880885408528     
 -0.992743278534375        20.5315001283232     
 -0.989601685880785        20.6748899857034     
 -0.986460093227195        20.8182570004724     
 -0.983318500573605        20.9615996973846     
 -0.980176907920015        21.1049169541498     
 -0.977035315266426        21.2482072857241     
 -0.973893722612836        21.3914695599326     
 -0.970752129959246        21.5347022818176     
 -0.967610537305656        21.6779043092022     
 -0.964468944652067        21.8210741370965     
 -0.961327351998477        21.9642106132020     
 -0.958185759344887        22.1073122223763     
 -0.955044166691297        22.2503778020772     
 -0.951902574037707        22.3934058268872     
 -0.948760981384117        22.5363951238956     
 -0.945619388730528        22.6793441572848     
 -0.942477796076938        22.8222517436488     
 -0.939336203423348        22.9651163366417     
 -0.936194610769758        23.1079367422327     
 -0.933053018116169        23.2507114034177     
 -0.929911425462579        23.3934391154088     
 -0.926769832808989        23.5361183104108     
 -0.923628240155399        23.6787477727434     
 -0.920486647501809        23.8213259236849     
 -0.917345054848220        23.9638515365252     
 -0.914203462194630        24.1063230214774     
 -0.911061869541040        24.2487391406612     
 -0.907920276887450        24.3910982930833     
 -0.904778684233860        24.5333992295492     
 -0.901637091580271        24.6756403377153     
 -0.898495498926681        24.8178203569266     
 -0.895353906273091        24.9599376633418     
 -0.892212313619501        25.1019909846960     
 -0.889070720965912        25.2439786854995     
 -0.885929128312322        25.3858994817250     
 -0.882787535658732        25.5277517260805     
 -0.879645943005142        25.6695341226205     
 -0.876504350351552        25.8112450120942     
 -0.873362757697962        25.9528830864778     
 -0.870221165044373        26.0944466744016     
 -0.867079572390783        26.2359344556010     
 -0.863937979737193        26.3773447464237     
 -0.860796387083603        26.5186762141975     
 -0.857654794430014        26.6599271628199     
 -0.854513201776424        26.8010962470418     
 -0.851371609122834        26.9421817581393     
 -0.848230016469244        27.0831823381118     
 -0.845088423815654        27.2240962654398     
 -0.841946831162065        27.3649221691937     
 -0.838805238508475        27.5056583148790     
 -0.835663645854885        27.6463033184555     
 -0.832522053201295        27.7868554322712     
 -0.829380460547705        27.9273132589895     
 -0.826238867894116        28.0676750376136     
 -0.823097275240526        28.2079393573203     
 -0.819955682586936        28.3481044435772     
 -0.816814089933346        28.4881688718795     
 -0.813672497279756        28.6281308539641     
 -0.810530904626167        28.7679889514456     
 -0.807389311972577        28.9077413621293     
 -0.804247719318987        29.0473866335461     
 -0.801106126665397        29.1869229493649     
 -0.797964534011807        29.3263488428240     
 -0.794822941358218        29.4656624832463     
 -0.791681348704628        29.6048623893645     
 -0.788539756051038        29.7439467159405     
 -0.785398163397448        29.8829139669826     
 -0.782256570743858        30.0217622824722     
 -0.779114978090269        30.1604901514694     
 -0.775973385436679        30.2990956989498     
 -0.772831792783089        30.4375773987960     
 -0.769690200129499        30.5759333607471     
 -0.766548607475910        30.7141620432737     
 -0.763407014822320        30.8522615406419     
 -0.760265422168730        30.9902302956692     
 -0.757123829515140        31.1280663869070     
 -0.753982236861550        31.2657682412730     
 -0.750840644207960        31.4033339213554     
 -0.747699051554371        31.5407618379195     
 -0.744557458900781        31.6780500373357     
 -0.741415866247191        31.8151969139577     
 -0.738274273593601        31.9522004976770     
 -0.735132680940012        32.0890591661698     
 -0.731991088286422        32.2257709325813     
 -0.728849495632832        32.3623341576372     
 -0.725707902979242        32.4987468374621     
 -0.722566310325652        32.6350073155511     
 -0.719424717672063        32.7711135707267     
 -0.716283125018473        32.9070639289662     
 -0.713141532364883        33.0428563515006     
 -0.709999939711293        33.1784891464950     
 -0.706858347057703        33.3139602572922     
 -0.703716754404114        33.4492679739423     
 -0.700575161750524        33.5844102215949     
 -0.697433569096934        33.7193852718747     
 -0.694291976443344        33.8541910314253     
 -0.691150383789755        33.9888257531265     
 -0.688008791136165        34.1232873247945     
 -0.684867198482575        34.2575739802362     
 -0.681725605828985        34.3916835881104     
 -0.678584013175395        34.5256143628139     
 -0.675442420521805        34.6593641535086     
 -0.672300827868216        34.7929311548347     
 -0.669159235214626        34.9263131961083     
 -0.666017642561036        35.0595084518572     
 -0.662876049907446        35.1925147311926     
 -0.659734457253857        35.3253301881634     
 -0.656592864600267        35.4579526113074     
 -0.653451271946677        35.5903801338172     
 -0.650309679293087        35.7226105232779     
 -0.647168086639497        35.8546418916383     
 -0.644026493985908        35.9864719851394     
 -0.640884901332318        36.1180988940874     
 -0.637743308678728        36.2495203429775     
 -0.634601716025138        36.3807344000623     
 -0.631460123371548        36.5117387676768     
 -0.628318530717959        36.6425314915967     
 -0.625176938064369        36.7731102515711     
 -0.622035345410779        36.9034730704624     
 -0.618893752757189        37.0336176049944     
 -0.615752160103599        37.1635418546674     
 -0.612610567450010        37.2932434527268     
 -0.609468974796420        37.4227203748480     
 -0.606327382142830        37.5519702303314     
 -0.603185789489240        37.6809909705499     
 -0.600044196835650        37.8097801803779     
 -0.596902604182061        37.9383357863934     
 -0.593761011528471        38.0666553485483     
 -0.590619418874881        38.1947367681176     
 -0.587477826221291        38.3225775796186     
 -0.584336233567701        38.4501756584992     
 -0.581194640914112        38.5775285133138     
 -0.578053048260522        38.7046339931410     
 -0.574911455606932        38.8314895800268     
 -0.571769862953342        38.9580930961224     
 -0.568628270299753        39.0844419964008     
 -0.565486677646163        39.2105340755077     
 -0.562345084992573        39.3363667607617     
 -0.559203492338983        39.4619378187061     
 -0.556061899685393        39.5872446484026     
 -0.552920307031804        39.7122849876751     
 -0.549778714378214        39.8370562067056     
 -0.546637121724624        39.9615560139607     
 -0.543495529071034        40.0857817500995     
 -0.540353936417444        40.2097310935700     
 -0.537212343763855        40.3334013548423     
 -0.534070751110265        40.4567901816624     
 -0.530929158456675        40.5798948536218     
 -0.527787565803085        40.7027129870572     
 -0.524645973149495        40.8252418299665     
 -0.521504380495906        40.9474789665442     
 -0.518362787842316        41.0694216124551     
 -0.515221195188726        41.1910673189912     
 -0.512079602535136        41.3124132687176     
 -0.508938009881546        41.4334569792358     
 -0.505796417227957        41.5541955992167     
 -0.502654824574367        41.6746266117537     
 -0.499513231920777        41.7947471307985     
 -0.496371639267187        41.9145546040892     
 -0.493230046613597        42.0340461100020     
 -0.490088453960008        42.1532190600392     
 -0.486946861306418        42.2720704961126     
 -0.483805268652828        42.3905977925751     
 -0.480663675999238        42.5087979539506     
 -0.477522083345649        42.6266683164923     
 -0.474380490692059        42.7442058463771     
 -0.471238898038469        42.8614078407700     
 -0.468097305384879        42.9782712265035     
 -0.464955712731289        43.0947932606272     
 -0.461814120077700        43.2109708295913     
 -0.458672527424110        43.3268011492601     
 -0.455530934770520        43.4422810646209     
 -0.452389342116930        43.5574077492399     
 -0.449247749463340        43.6721780055159     
 -0.446106156809751        43.7865889635565     
 -0.442964564156161        43.9006373819998     
 -0.439822971502571        44.0143203462851     
 -0.436681378848981        44.1276345700674     
 -0.433539786195391        44.2405770928561     
 -0.430398193541802        44.3531445820471     
 -0.427256600888212        44.4653340299035     
 -0.424115008234622        44.5771420562312     
 -0.420973415581032        44.6885656046710     
 -0.417831822927442        44.7996012460485     
 -0.414690230273853        44.9102458739446     
 -0.411548637620263        45.0204960087510     
 -0.408407044966673        45.1303484924865     
 -0.405265452313083        45.2397997935881     
 -0.402123859659494        45.3488467009398     
 -0.398982267005904        45.4574856294331     
 -0.395840674352314        45.5657133131697     
 -0.392699081698724        45.6735261118295     
 -0.389557489045134        45.7809207030064     
 -0.386415896391545        45.8878933894214     
 -0.383274303737955        45.9944407903510     
 -0.380132711084365        46.1005591497258     
 -0.376991118430775        46.2062450266051     
 -0.373849525777185        46.3114946042058     
 -0.370707933123596        46.4163043793753     
 -0.367566340470006        46.5206704725965     
 -0.364424747816416        46.6245893164078     
 -0.361283155162826        46.7280569664341     
 -0.358141562509236        46.8310697886982     
 -0.354999969855647        46.9336237717320     
 -0.351858377202057        47.0357152127197     
 -0.348716784548467        47.1373400307458     
 -0.345575191894877        47.2384944517076     
 -0.342433599241287        47.3391743227602     
 -0.339292006587698        47.4393757959312     
 -0.336150413934108        47.5390946438279     
 -0.333008821280518        47.6383269418800     
 -0.329867228626928        47.7370683853816     
 -0.326725635973339        47.8353149702817     
 -0.323584043319749        47.9330623116364     
 -0.320442450666159        48.0303063228637     
 -0.317300858012569        48.1270425356864     
 -0.314159265358979        48.2232667777603     
 -0.311017672705390        48.3189744941955     
 -0.307876080051800        48.4141614234585     
 -0.304734487398210        48.5088229205683     
 -0.301592894744620        48.6029546311639     
 -0.298451302091030        48.6965518164785     
 -0.295309709437441        48.7896100254564     
 -0.292168116783851        48.8821244216161     
 -0.289026524130261        48.9740904530912     
 -0.285884931476671        49.0655031815033     
 -0.282743338823081        49.1563579497877     
 -0.279601746169492        49.2466497132097     
 -0.276460153515902        49.3363737048251     
 -0.273318560862312        49.4255247687816     
 -0.270176968208722        49.5140980232516     
 -0.267035375555132        49.6020881961754     
 -0.263893782901543        49.6894902854857     
 -0.260752190247953        49.7762988974649     
 -0.257610597594363        49.8625089040637     
 -0.254469004940773        49.9481147840607     
 -0.251327412287183        50.0331112772589     
 -0.248185819633594        50.1174927286522     
 -0.245044226980004        50.2012537392630     
 -0.241902634326414        50.2843885135419     
 -0.238761041672824        50.3668915065818     
 -0.235619449019234        50.4487567750028     
 -0.232477856365645        50.5299786202505     
 -0.229336263712055        50.6105509432414     
 -0.226194671058465        50.6904678834232     
 -0.223053078404875        50.7697231774871     
 -0.219911485751286        50.8483107938288     
 -0.216769893097696        50.9262242956701     
 -0.213628300444106        51.0034574705158     
 -0.210486707790516        51.0800036980662     
 -0.207345115136926        51.1558565742192     
 -0.204203522483337        51.2310092841981     
 -0.201061929829747        51.3054552205921     
 -0.197920337176157        51.3791873621768     
 -0.194778744522567        51.4521988854205     
 -0.191637151868977        51.5244825495346     
 -0.188495559215388        51.5960313008002     
 -0.185353966561798        51.6668376644525     
 -0.182212373908208        51.7368943410927     
 -0.179070781254618        51.8061936060973     
 -0.175929188601028        51.8747278972713     
 -0.172787595947439        51.9424892225681     
 -0.169646003293849        52.0094697380219     
 -0.166504410640259        52.0756611646740     
 -0.163362817986669        52.1410553556747     
 -0.160221225333079        52.2056437234462     
 -0.157079632679490        52.2694177946692     
 -0.153938040025900        52.3323686488734     
 -0.150796447372310        52.3944874598098     
 -0.147654854718720        52.4557649468534     
 -0.144513262065130        52.5161919010048     
 -0.141371669411541        52.5757586507208     
 -0.138230076757951        52.6344555704772     
 -0.135088484104361        52.6922725629226     
 -0.131946891450771        52.7491995475452     
 -0.128805298797181        52.8052259613973     
 -0.125663706143592        52.8603412249204     
 -0.122522113490002        52.9145342639204     
 -0.119380520836412        52.9677939489954     
 -0.116238928182822        53.0201086419825     
 -0.113097335529233        53.0714666046552     
 -0.109955742875643        53.1218555735456     
 -0.106814150222053        53.1712631325766     
 -0.103672557568463        53.2196763210425     
 -0.100530964914873        53.2670819635279     
 -9.738937226128358E-002   53.3134663169650     
 -9.424777960769379E-002   53.3588153494601     
 -9.110618695410401E-002   53.4031144338363     
 -8.796459430051420E-002   53.4463485646385     
 -8.482300164692441E-002   53.4885021075800     
 -8.168140899333463E-002   53.5295589407637     
 -7.853981633974483E-002   53.5695022721694     
 -7.539822368615504E-002   53.6083146865971     
 -7.225663103256524E-002   53.6459780471067     
 -6.911503837897544E-002   53.6824734226439     
 -6.597344572538566E-002   53.7177810947203     
 -6.283185307179587E-002   53.7518803309601     
 -5.969026041820607E-002   53.7847495261494     
 -5.654866776461628E-002   53.8163657720134     
 -5.340707511102648E-002   53.8467051735638     
 -5.026548245743669E-002   53.8757421415197     
 -4.712388980384689E-002   53.9034499433007     
 -4.398229715025710E-002   53.9297996043139     
 -4.084070449666732E-002   53.9547607829598     
 -3.769911184307752E-002   53.9783000951194     
 -3.455751918948772E-002   54.0003824540733     
 -3.141592653589793E-002   54.0209684934493     
 -2.827433388230814E-002   54.0400166072293     
 -2.513274122871835E-002   54.0574788478748     
 -2.199114857512855E-002   54.0733040880312     
 -1.884955592153876E-002   54.0874310295925     
 -1.570796326794897E-002   54.0997933126187     
 -1.256637061435917E-002   54.1103059808231     
 -9.424777960769379E-003   54.1188742959432     
 -6.283185307179587E-003   54.1253596123812     
 -3.141592653589793E-003   54.1295941086206     
  0.000000000000000E+000   54.1311795162128     
  3.141592653589793E-003   54.1295941086206     
  6.283185307179587E-003   54.1253596123812     
  9.424777960769379E-003   54.1188742959432     
  1.256637061435917E-002   54.1103059808231     
  1.570796326794897E-002   54.0997933126187     
  1.884955592153876E-002   54.0874310295925     
  2.199114857512855E-002   54.0733040880312     
  2.513274122871835E-002   54.0574788478748     
  2.827433388230814E-002   54.0400166072293     
  3.141592653589793E-002   54.0209684934493     
  3.455751918948772E-002   54.0003824540733     
  3.769911184307752E-002   53.9783000951194     
  4.084070449666732E-002   53.9547607829598     
  4.398229715025710E-002   53.9297996043139     
  4.712388980384689E-002   53.9034499433007     
  5.026548245743669E-002   53.8757421415197     
  5.340707511102648E-002   53.8467051735638     
  5.654866776461628E-002   53.8163657720134     
  5.969026041820607E-002   53.7847495261494     
  6.283185307179587E-002   53.7518803309601     
  6.597344572538566E-002   53.7177810947203     
  6.911503837897544E-002   53.6824734226439     
  7.225663103256524E-002   53.6459780471067     
  7.539822368615504E-002   53.6083146865971     
  7.853981633974483E-002   53.5695022721694     
  8.168140899333463E-002   53.5295589407637     
  8.482300164692441E-002   53.4885021075800     
  8.796459430051420E-002   53.4463485646385     
  9.110618695410401E-002   53.4031144338363     
  9.424777960769379E-002   53.3588153494601     
  9.738937226128358E-002   53.3134663169650     
  0.100530964914873        53.2670819635279     
  0.103672557568463        53.2196763210425     
  0.106814150222053        53.1712631325766     
  0.109955742875643        53.1218555735456     
  0.113097335529233        53.0714666046552     
  0.116238928182822        53.0201086419825     
  0.119380520836412        52.9677939489954     
  0.122522113490002        52.9145342639204     
  0.125663706143592        52.8603412249204     
  0.128805298797181        52.8052259613973     
  0.131946891450771        52.7491995475452     
  0.135088484104361        52.6922725629226     
  0.138230076757951        52.6344555704772     
  0.141371669411541        52.5757586507208     
  0.144513262065130        52.5161919010048     
  0.147654854718720        52.4557649468534     
  0.150796447372310        52.3944874598098     
  0.153938040025900        52.3323686488734     
  0.157079632679490        52.2694177946692     
  0.160221225333079        52.2056437234462     
  0.163362817986669        52.1410553556747     
  0.166504410640259        52.0756611646740     
  0.169646003293849        52.0094697380219     
  0.172787595947439        51.9424892225681     
  0.175929188601028        51.8747278972713     
  0.179070781254618        51.8061936060973     
  0.182212373908208        51.7368943410927     
  0.185353966561798        51.6668376644525     
  0.188495559215388        51.5960313008002     
  0.191637151868977        51.5244825495346     
  0.194778744522567        51.4521988854205     
  0.197920337176157        51.3791873621768     
  0.201061929829747        51.3054552205921     
  0.204203522483337        51.2310092841981     
  0.207345115136926        51.1558565742192     
  0.210486707790516        51.0800036980662     
  0.213628300444106        51.0034574705158     
  0.216769893097696        50.9262242956701     
  0.219911485751286        50.8483107938288     
  0.223053078404875        50.7697231774871     
  0.226194671058465        50.6904678834232     
  0.229336263712055        50.6105509432414     
  0.232477856365645        50.5299786202505     
  0.235619449019234        50.4487567750028     
  0.238761041672824        50.3668915065818     
  0.241902634326414        50.2843885135419     
  0.245044226980004        50.2012537392630     
  0.248185819633594        50.1174927286522     
  0.251327412287183        50.0331112772589     
  0.254469004940773        49.9481147840607     
  0.257610597594363        49.8625089040637     
  0.260752190247953        49.7762988974649     
  0.263893782901543        49.6894902854857     
  0.267035375555132        49.6020881961754     
  0.270176968208722        49.5140980232516     
  0.273318560862312        49.4255247687816     
  0.276460153515902        49.3363737048251     
  0.279601746169492        49.2466497132097     
  0.282743338823081        49.1563579497877     
  0.285884931476671        49.0655031815033     
  0.289026524130261        48.9740904530912     
  0.292168116783851        48.8821244216161     
  0.295309709437441        48.7896100254564     
  0.298451302091030        48.6965518164785     
  0.301592894744620        48.6029546311639     
  0.304734487398210        48.5088229205683     
  0.307876080051800        48.4141614234585     
  0.311017672705390        48.3189744941955     
  0.314159265358979        48.2232667777603     
  0.317300858012569        48.1270425356864     
  0.320442450666159        48.0303063228637     
  0.323584043319749        47.9330623116364     
  0.326725635973339        47.8353149702817     
  0.329867228626928        47.7370683853816     
  0.333008821280518        47.6383269418800     
  0.336150413934108        47.5390946438279     
  0.339292006587698        47.4393757959312     
  0.342433599241287        47.3391743227602     
  0.345575191894877        47.2384944517076     
  0.348716784548467        47.1373400307458     
  0.351858377202057        47.0357152127197     
  0.354999969855647        46.9336237717320     
  0.358141562509236        46.8310697886982     
  0.361283155162826        46.7280569664341     
  0.364424747816416        46.6245893164078     
  0.367566340470006        46.5206704725965     
  0.370707933123596        46.4163043793753     
  0.373849525777185        46.3114946042058     
  0.376991118430775        46.2062450266051     
  0.380132711084365        46.1005591497258     
  0.383274303737955        45.9944407903510     
  0.386415896391545        45.8878933894214     
  0.389557489045134        45.7809207030064     
  0.392699081698724        45.6735261118295     
  0.395840674352314        45.5657133131697     
  0.398982267005904        45.4574856294331     
  0.402123859659494        45.3488467009398     
  0.405265452313083        45.2397997935881     
  0.408407044966673        45.1303484924865     
  0.411548637620263        45.0204960087510     
  0.414690230273853        44.9102458739446     
  0.417831822927442        44.7996012460485     
  0.420973415581032        44.6885656046710     
  0.424115008234622        44.5771420562312     
  0.427256600888212        44.4653340299035     
  0.430398193541802        44.3531445820471     
  0.433539786195391        44.2405770928561     
  0.436681378848981        44.1276345700674     
  0.439822971502571        44.0143203462851     
  0.442964564156161        43.9006373819998     
  0.446106156809751        43.7865889635565     
  0.449247749463340        43.6721780055159     
  0.452389342116930        43.5574077492399     
  0.455530934770520        43.4422810646209     
  0.458672527424110        43.3268011492601     
  0.461814120077700        43.2109708295913     
  0.464955712731289        43.0947932606272     
  0.468097305384879        42.9782712265035     
  0.471238898038469        42.8614078407700     
  0.474380490692059        42.7442058463771     
  0.477522083345649        42.6266683164923     
  0.480663675999238        42.5087979539506     
  0.483805268652828        42.3905977925751     
  0.486946861306418        42.2720704961126     
  0.490088453960008        42.1532190600392     
  0.493230046613597        42.0340461100020     
  0.496371639267187        41.9145546040892     
  0.499513231920777        41.7947471307985     
  0.502654824574367        41.6746266117537     
  0.505796417227957        41.5541955992167     
  0.508938009881546        41.4334569792358     
  0.512079602535136        41.3124132687176     
  0.515221195188726        41.1910673189912     
  0.518362787842316        41.0694216124551     
  0.521504380495906        40.9474789665442     
  0.524645973149495        40.8252418299665     
  0.527787565803085        40.7027129870572     
  0.530929158456675        40.5798948536218     
  0.534070751110265        40.4567901816624     
  0.537212343763855        40.3334013548423     
  0.540353936417444        40.2097310935700     
  0.543495529071034        40.0857817500995     
  0.546637121724624        39.9615560139607     
  0.549778714378214        39.8370562067056     
  0.552920307031804        39.7122849876751     
  0.556061899685393        39.5872446484026     
  0.559203492338983        39.4619378187061     
  0.562345084992573        39.3363667607617     
  0.565486677646163        39.2105340755077     
  0.568628270299753        39.0844419964008     
  0.571769862953342        38.9580930961224     
  0.574911455606932        38.8314895800268     
  0.578053048260522        38.7046339931410     
  0.581194640914112        38.5775285133138     
  0.584336233567701        38.4501756584992     
  0.587477826221291        38.3225775796186     
  0.590619418874881        38.1947367681176     
  0.593761011528471        38.0666553485483     
  0.596902604182061        37.9383357863934     
  0.600044196835650        37.8097801803779     
  0.603185789489240        37.6809909705499     
  0.606327382142830        37.5519702303314     
  0.609468974796420        37.4227203748480     
  0.612610567450010        37.2932434527268     
  0.615752160103599        37.1635418546674     
  0.618893752757189        37.0336176049944     
  0.622035345410779        36.9034730704624     
  0.625176938064369        36.7731102515711     
  0.628318530717959        36.6425314915967     
  0.631460123371548        36.5117387676768     
  0.634601716025138        36.3807344000623     
  0.637743308678728        36.2495203429775     
  0.640884901332318        36.1180988940874     
  0.644026493985908        35.9864719851394     
  0.647168086639497        35.8546418916383     
  0.650309679293087        35.7226105232779     
  0.653451271946677        35.5903801338172     
  0.656592864600267        35.4579526113074     
  0.659734457253857        35.3253301881634     
  0.662876049907446        35.1925147311926     
  0.666017642561036        35.0595084518572     
  0.669159235214626        34.9263131961083     
  0.672300827868216        34.7929311548347     
  0.675442420521805        34.6593641535086     
  0.678584013175395        34.5256143628139     
  0.681725605828985        34.3916835881104     
  0.684867198482575        34.2575739802362     
  0.688008791136165        34.1232873247945     
  0.691150383789755        33.9888257531265     
  0.694291976443344        33.8541910314253     
  0.697433569096934        33.7193852718747     
  0.700575161750524        33.5844102215949     
  0.703716754404114        33.4492679739423     
  0.706858347057703        33.3139602572922     
  0.709999939711293        33.1784891464950     
  0.713141532364883        33.0428563515006     
  0.716283125018473        32.9070639289662     
  0.719424717672063        32.7711135707267     
  0.722566310325652        32.6350073155511     
  0.725707902979242        32.4987468374621     
  0.728849495632832        32.3623341576372     
  0.731991088286422        32.2257709325813     
  0.735132680940012        32.0890591661698     
  0.738274273593601        31.9522004976770     
  0.741415866247191        31.8151969139577     
  0.744557458900781        31.6780500373357     
  0.747699051554371        31.5407618379195     
  0.750840644207960        31.4033339213554     
  0.753982236861550        31.2657682412730     
  0.757123829515140        31.1280663869070     
  0.760265422168730        30.9902302956692     
  0.763407014822320        30.8522615406419     
  0.766548607475910        30.7141620432737     
  0.769690200129499        30.5759333607471     
  0.772831792783089        30.4375773987960     
  0.775973385436679        30.2990956989498     
  0.779114978090269        30.1604901514694     
  0.782256570743858        30.0217622824722     
  0.785398163397448        29.8829139669826     
  0.788539756051038        29.7439467159405     
  0.791681348704628        29.6048623893645     
  0.794822941358218        29.4656624832463     
  0.797964534011807        29.3263488428240     
  0.801106126665397        29.1869229493649     
  0.804247719318987        29.0473866335461     
  0.807389311972577        28.9077413621293     
  0.810530904626167        28.7679889514456     
  0.813672497279756        28.6281308539641     
  0.816814089933346        28.4881688718795     
  0.819955682586936        28.3481044435772     
  0.823097275240526        28.2079393573203     
  0.826238867894116        28.0676750376136     
  0.829380460547705        27.9273132589895     
  0.832522053201295        27.7868554322712     
  0.835663645854885        27.6463033184555     
  0.838805238508475        27.5056583148790     
  0.841946831162065        27.3649221691937     
  0.845088423815654        27.2240962654398     
  0.848230016469244        27.0831823381118     
  0.851371609122834        26.9421817581393     
  0.854513201776424        26.8010962470418     
  0.857654794430014        26.6599271628199     
  0.860796387083603        26.5186762141975     
  0.863937979737193        26.3773447464237     
  0.867079572390783        26.2359344556010     
  0.870221165044373        26.0944466744016     
  0.873362757697962        25.9528830864778     
  0.876504350351552        25.8112450120942     
  0.879645943005142        25.6695341226205     
  0.882787535658732        25.5277517260805     
  0.885929128312322        25.3858994817250     
  0.889070720965912        25.2439786854995     
  0.892212313619501        25.1019909846960     
  0.895353906273091        24.9599376633418     
  0.898495498926681        24.8178203569266     
  0.901637091580271        24.6756403377153     
  0.904778684233860        24.5333992295492     
  0.907920276887450        24.3910982930833     
  0.911061869541040        24.2487391406612     
  0.914203462194630        24.1063230214774     
  0.917345054848220        23.9638515365252     
  0.920486647501809        23.8213259236849     
  0.923628240155399        23.6787477727434     
  0.926769832808989        23.5361183104108     
  0.929911425462579        23.3934391154088     
  0.933053018116169        23.2507114034177     
  0.936194610769758        23.1079367422327     
  0.939336203423348        22.9651163366417     
  0.942477796076938        22.8222517436488     
  0.945619388730528        22.6793441572848     
  0.948760981384117        22.5363951238956     
  0.951902574037707        22.3934058268872     
  0.955044166691297        22.2503778020772     
  0.958185759344887        22.1073122223763     
  0.961327351998477        21.9642106132020     
  0.964468944652067        21.8210741370965     
  0.967610537305656        21.6779043092022     
  0.970752129959246        21.5347022818176     
  0.973893722612836        21.3914695599326     
  0.977035315266426        21.2482072857241     
  0.980176907920015        21.1049169541498     
  0.983318500573605        20.9615996973846     
  0.986460093227195        20.8182570004724     
  0.989601685880785        20.6748899857034     
  0.992743278534375        20.5315001283232     
  0.995884871187964        20.3880885408528     
  0.999026463841554        20.2446566888529     
   1.00216805649514        20.1012056751883     
   1.00530964914873        19.9577369558461     
   1.00845124180232        19.8142516241460     
   1.01159283445591        19.6707511266109     
   1.01473442710950        19.5272365471237     
   1.01787601976309        19.3837093228505     
   1.02101761241668        19.2401705283443     
   1.02415920507027        19.0966215915199     
   1.02730079772386        18.9530635777047     
   1.03044239037745        18.8094979056655     
   1.03358398303104        18.6659256316075     
   1.03672557568463        18.5223481652504     
   1.03986716833822        18.3787665537781     
   1.04300876099181        18.2351821979630     
   1.04615035364540        18.0915961360668     
   1.04929194629899        17.9480097600125     
   1.05243353895258        17.8044240992365     
   1.05557513160617        17.6608405369085     
   1.05871672425976        17.5172600937355     
   1.06185831691335        17.3736841442277     
   1.06499990956694        17.2301137004568     
   1.06814150222053        17.0865501283661     
   1.07128309487412        16.9429944314840     
   1.07442468752771        16.7994479672781     
   1.07756628018130        16.6559117308237     
   1.08070787283489        16.5123870712023     
   1.08384946548848        16.3688749751249     
   1.08699105814207        16.2253767833745     
   1.09013265079566        16.0818934743858     
   1.09327424344925        15.9384263807290     
   1.09641583610284        15.7949764726480     
   1.09955742875643        15.6515450745858     
   1.10269902141002        15.5081331486796     
   1.10584061406361        15.3647420113281     
   1.10898220671720        15.2213726166452     
   1.11212379937079        15.0780262730667     
   1.11526539202438        14.9347039267647     
   1.11840698467797        14.7914068782930     
   1.12154857733156        14.6481360659618     
   1.12469016998515        14.5048927825219     
   1.12783176263874        14.3616779585004     
   1.13097335529233        14.2184928789226     
   1.13411494794592        14.0753384666100     
   1.13725654059951        13.9322159989393     
   1.14039813325310        13.7891263911022     
   1.14353972590668        13.6460709129018     
   1.14668131856027        13.5030504719749     
   1.14982291121386        13.3600663306250     
   1.15296450386745        13.2171193890078     
   1.15610609652104        13.0742109019995     
   1.15924768917463        12.9313417623472     
   1.16238928182822        12.7885132175716     
   1.16553087448181        12.6457261530821     
   1.16867246713540        12.5029818091141     
   1.17181405978899        12.3602810638095     
   1.17495565244258        12.2176251501878     
   1.17809724509617        12.0750149391920     
   1.18123883774976        11.9324516566937     
   1.18438043040335        11.7899361665051     
   1.18752202305694        11.6474696874166     
   1.19066361571053        11.5050530761762     
   1.19380520836412        11.3626875445593     
   1.19694680101771        11.2203739423152     
   1.20008839367130        11.0781134742690     
   1.20322998632489        10.9359069832359     
   1.20637157897848        10.7937556671546     
   1.20951317163207        10.6516603619698     
   1.21265476428566        10.5096222587964     
   1.21579635693925        10.3676421867713     
   1.21893794959284        10.2257213302474     
   1.22207954224643        10.0838605116151     
   1.22522113490002        9.94206090852638     
   1.22836272755361        9.80032333668584     
   1.23150432020720        9.65864896710427     
   1.23464591286079        9.51703860886016     
   1.23778750551438        9.37549342638199     
   1.24092909816797        9.23401422218095     
   1.24407069082156        9.09260215416130     
   1.24721228347515        8.95125801832465     
   1.25035387612874        8.80998296610828     
   1.25349546878233        8.66877778706118     
   1.25663706143592        8.52764362620987     
   1.25977865408951        8.38658126670676     
   1.26292024674310        8.24559184722306     
   1.26606183939669        8.10467614456985     
   1.26920343205028        7.96383529111780     
   1.27234502470387        7.82307005739084     
   1.27548661735746        7.68238156951262     
   1.27862821001105        7.54177059177384     
   1.28176980266464        7.40123824410417     
   1.28491139531823        7.26078528461353     
   1.28805298797182        7.12041282708983     
   1.29119458062541        6.98012162351434     
   1.29433617327899        6.83991278158463     
   1.29747776593258        6.69978704720437     
   1.30061935858617        6.55974552203137     
   1.30376095123976        6.41978894594232     
   1.30690254389335        6.27991841460503     
   1.31004413654694        6.14013466191891     
   1.31318572920053        6.00043877761104     
   1.31632732185412        5.86083148965244     
   1.31946891450771        5.72131388187787     
   1.32261050716130        5.58188667637826     
   1.32575209981489        5.44255095114378     
   1.32889369246848        5.30330742243276     
   1.33203528512207        5.16415716243784     
   1.33517687777566        5.02510088163167     
   1.33831847042925        4.88613964645574     
   1.34146006308284        4.74727416164314     
   1.34460165573643        4.60850548792989     
   1.34774324839002        4.46983432435505     
   1.35088484104361        4.33126172599426     
   1.35402643369720        4.19278838623744     
   1.35716802635079        4.05441535454417     
   1.36030961900438        3.91614331869956     
   1.36345121165797        3.77797332259083     
   1.36659280431156        3.63990604844183     
   1.36973439696515        3.50194253461074     
   1.37287598961874        3.36408345780302     
   1.37601758227233        3.22632985089033     
   1.37915917492592        3.08868238510231     
   1.38230076757951        2.95114208786588     
   1.38544236023310        2.81370962497661     
   1.38858395288669        2.67638601845820     
   1.39172554554028        2.53917192871331     
   1.39486713819387        2.40206837240316     
   1.39800873084746        2.26507600457821     
   1.40115032350105        2.12819583657734     
   1.40429191615464        1.99142851813894     
   1.40743350880823        1.85477505531925     
   1.41057510146182        1.71823609258399     
   1.41371669411541        1.58181263074605     
   1.41685828676900        1.44550530903745     
   1.41999987942259        1.30931512306614     
   1.42314147207618        1.17324270686899     
   1.42628306472977        1.03728905088712     
   1.42942465738336       0.901454784000140     
   1.43256625003695       0.765740891519926     
   1.43570784269054       0.630147997206214     
   1.43884943534413       0.494677081278602     
   1.44199102799772       0.359328762413909     
   1.44513262065130       0.224104015776008     
   1.44827421330489       8.900345499521235E-002
   1.45141580595848      -4.597194978425886E-002
   1.45455739861207      -0.180821589942695     
   1.45769899126566      -0.315544500320016     
   1.46084058391925      -0.450140077271654     
   1.46398217657284      -0.584607360586500     
   1.46712376922643      -0.718945751560260     
   1.47026536188002      -0.853154294896157     
   1.47340695453361      -0.987232396795559     
   1.47654854718720       -1.12117910684197     
   1.47969013984079       -1.25499383610835     
   1.48283173249438       -1.38867563902469     
   1.48597332514797       -1.52222393150203     
   1.48911491780156       -1.65563777278357     
   1.49225651045515       -1.78891658358520     
   1.49539810310874       -1.92205942793055     
   1.49853969576233       -2.05506573130765     
   1.50168128841592       -2.18793456248805     
   1.50482288106951       -2.32066535169971     
   1.50796447372310       -2.45325717243014     
   1.51110606637669       -2.58570945961521     
   1.51424765903028       -2.71802129142695     
   1.51738925168387       -2.85019210747763     
   1.52053084433746       -2.98222099059259     
   1.52367243699105       -3.11410738502954     
   1.52681402964464       -3.24585037823626     
   1.52995562229823       -3.37744941908523     
   1.53309721495182       -3.50890359961641     
   1.53623880760541       -3.64021237328673     
   1.53938040025900       -3.77137483669826     
   1.54252199291259       -3.90239044786259     
   1.54566358556618       -4.03325830791429     
   1.54880517821977       -4.16397787939008     
   1.55194677087336       -4.29454826792787     
   1.55508836352695       -4.42496894056027     
   1.55822995618054       -4.55523900739971     
   1.56137154883413       -4.68535793994601     
   1.56451314148772       -4.81532485275754     
   1.56765473414131       -4.94513922177295     
   1.57079632679490       -5.07480016596844     
   1.57393791944849       -5.20430716569343     
   1.57707951210208       -5.33365934431419     
   1.58022110475567       -5.46285618656319     
   1.58336269740926       -5.59189682016933     
   1.58650429006285       -5.72078073422079     
   1.58964588271644       -5.84950706078206     
   1.59278747537003       -5.97807529327001     
   1.59592906802361       -6.10648456805788     
   1.59907066067720       -6.23473438286464     
   1.60221225333079       -6.36282387834585     
   1.60535384598438       -6.49075255649619     
   1.60849543863797       -6.61851956222752     
   1.61163703129156       -6.74612440178416     
   1.61477862394515       -6.87356622430847     
   1.61792021659874       -7.00084454026879     
   1.62106180925233       -7.12795850301245     
   1.62420340190592       -7.25490762720646     
   1.62734499455951       -7.38169107037800     
   1.63048658721310       -7.50830835136762     
   1.63362817986669       -7.63475863185752     
   1.63676977252028       -7.76104143483704     
   1.63991136517387       -7.88715592611889     
   1.64305295782746       -8.01310163281669     
   1.64619455048105       -8.13887772484942     
   1.64933614313464       -8.26448373343082     
   1.65247773578823       -8.38991883256219     
   1.65561932844182       -8.51518255753356     
   1.65876092109541       -8.64027408640483     
   1.66190251374900       -8.76519295851870     
   1.66504410640259       -8.88993835597037     
   1.66818569905618       -9.01450982213191     
   1.67132729170977       -9.13890654311068     
   1.67446888436336       -9.26312806628507     
   1.67761047701695       -9.38717358175182     
   1.68075206967054       -9.51104264087293     
   1.68389366232413       -9.63473443771191     
   1.68703525497772       -9.75824852759190     
   1.69017684763131       -9.88158410852088     
   1.69331844028490       -10.0047407397610     
   1.69646003293849       -10.1277176232427     
   1.69960162559208       -10.2505143221450     
   1.70274321824567       -10.3731300422992     
   1.70588481089926       -10.4955643507795     
   1.70902640355285       -10.6178164572966     
   1.71216799620644       -10.7398859327985     
   1.71530958886003       -10.8617719908537     
   1.71845118151362       -10.9834742062631     
   1.72159277416721       -11.1049917964322     
   1.72473436682080       -11.2263243399935     
   1.72787595947439       -11.3474710581687     
   1.73101755212798       -11.4684315334016     
   1.73415914478157       -11.5892049907096     
   1.73730073743516       -11.7097910163269     
   1.74044233008875       -11.8301888390465     
   1.74358392274234       -11.9503980488731     
   1.74672551539592       -12.0704178783550     
   1.74986710804951       -12.1902479212473     
   1.75300870070310       -12.3098874138341     
   1.75615029335669       -12.4293359536011     
   1.75929188601028       -12.5485927805486     
   1.76243347866387       -12.6676574958733     
   1.76557507131746       -12.7865293432723     
   1.76871666397105       -12.9052079276342     
   1.77185825662464       -13.0236924963337     
   1.77499984927823       -13.1419826579324     
   1.77814144193182       -13.2600776634635     
   1.78128303458541       -13.3779771251426     
   1.78442462723900       -13.4956802976430     
   1.78756621989259       -13.6131867968157     
   1.79070781254618       -13.7304958809555     
   1.79384940519977       -13.8476071695302     
   1.79699099785336       -13.9645199244382     
   1.80013259050695       -14.0812337687459     
   1.80327418316054       -14.1977479679368     
   1.80641577581413       -14.3140621486583     
   1.80955736846772       -14.4301755799612     
   1.81269896112131       -14.5460878920558     
   1.81584055377490       -14.6617983575428     
   1.81898214642849       -14.7773066101776     
   1.82212373908208       -14.8926119260934     
   1.82526533173567       -15.0077139425737     
   1.82840692438926       -15.1226119392667     
   1.83154851704285       -15.2373055569664     
   1.83469010969644       -15.3517940788194     
   1.83783170235003       -15.4660771491133     
   1.84097329500362       -15.5801540544758     
   1.84411488765721       -15.6940244426717     
   1.84725648031080       -15.8076876037931     
   1.85039807296439       -15.9211431890651     
   1.85353966561798       -16.0343904920278     
   1.85668125827157       -16.1474291673503     
   1.85982285092516       -16.2602585120044     
   1.86296444357875       -16.3728781840869     
   1.86610603623234       -16.4852874839852     
   1.86924762888593       -16.5974860732077     
   1.87238922153952       -16.7094732555415     
   1.87553081419311       -16.8212486958907     
   1.87867240684670       -16.9328117014264     
   1.88181399950029       -17.0441619404325     
   1.88495559215388       -17.1552987234487     
   1.88809718480747       -17.2662217221233     
   1.89123877746106       -17.3769302503489     
   1.89438037011465       -17.4874239831230     
   1.89752196276823       -17.5977022376757     
   1.90066355542182       -17.7077646923387     
   1.90380514807541       -17.8176106676647     
   1.90694674072900       -17.9272398453041     
   1.91008833338259       -18.0366515491176     
   1.91322992603618       -18.1458454640595     
   1.91637151868977       -18.2548209172834     
   1.91951311134336       -18.3635775970332     
   1.92265470399695       -18.4721148337409     
   1.92579629665054       -18.5804323189251     
   1.92893788930413       -18.6885293862819     
   1.93207948195772       -18.7964057305904     
   1.93522107461131       -18.9040606887965     
   1.93836266726490       -19.0114939589253     
   1.94150425991849       -19.1187048811587     
   1.94464585257208       -19.2256931567539     
   1.94778744522567       -19.3324581291146     
   1.95092903787926       -19.4389995027161     
   1.95407063053285       -19.5453166241701     
   1.95721222318644       -19.6514092011568     
   1.96035381584003       -19.7572765834817     
   1.96349540849362       -19.8629184820162     
   1.96663700114721       -19.9683342497469     
   1.96977859380080       -20.0735236007222     
   1.97292018645439       -20.1784858910965     
   1.97606177910798       -20.2832208380825     
   1.97920337176157       -20.3877278009886     
   1.98234496441516       -20.4920065001788     
   1.98548655706875       -20.5960562981027     
   1.98862814972234       -20.6998769182622     
   1.99176974237593       -20.8034677262355     
   1.99491133502952       -20.9068284486494     
   1.99805292768311       -21.0099584541979     
   2.00119452033670       -21.1128574726203     
   2.00433611299029       -21.2155248757133     
   2.00747770564388       -21.3179603963161     
   2.01061929829747       -21.4201634093162     
   2.01376089095106       -21.5221336506398     
   2.01690248360465       -21.6238704982526     
   2.02004407625824       -21.7253736911561     
   2.02318566891183       -21.8266426103818     
   2.02632726156542       -21.9276769979939     
   2.02946885421901       -22.0284762380780     
   2.03261044687260       -22.1290400757491     
   2.03575203952619       -22.2293678981345     
   2.03889363217978       -22.3294594533881     
   2.04203522483337       -22.4293141316675     
   2.04517681748696       -22.5289316841536     
   2.04831841014055       -22.6283115040223     
   2.05146000279414       -22.7274533454700     
   2.05460159544772       -22.8263566046793     
   2.05774318810131       -22.9250210388507     
   2.06088478075490       -23.0234460471620     
   2.06402637340849       -23.1216313898062     
   2.06716796606208       -23.2195764689454     
   2.07030955871567       -23.3172810477534     
   2.07345115136926       -23.4147445313653     
   2.07659274402285       -23.5119666859252     
   2.07973433667644       -23.6089469195297     
   2.08287592933003       -23.7056850012817     
   2.08601752198362       -23.8021803422289     
   2.08915911463721       -23.8984327144224     
   2.09230070729080       -23.9944415318495     
   2.09544229994439       -24.0902065694988     
   2.09858389259798       -24.1857272442868     
   2.10172548525157       -24.2810033341286     
   2.10486707790516       -24.3760342588595     
   2.10800867055875       -24.4708197993105     
   2.11115026321234       -24.5653593782251     
   2.11429185586593       -24.6596527793398     
   2.11743344851952       -24.7536994282958     
   2.12057504117311       -24.8474991117249     
   2.12371663382670       -24.9410512581559     
   2.12685822648029       -25.0343556571053     
   2.12999981913388       -25.1274117399795     
   2.13314141178747       -25.2202192991697     
   2.13628300444106       -25.3127777689497     
   2.13942459709465       -25.4050869445756     
   2.14256618974824       -25.4971462631783     
   2.14570778240183       -25.5889555228690     
   2.14884937505542       -25.6805141636263     
   2.15199096770901       -25.7718219864062     
   2.15513256036260       -25.8628784340255     
   2.15827415301619       -25.9536833102753     
   2.16141574566978       -26.0442360608007     
   2.16455733832337       -26.1345364922188     
   2.16769893097696       -26.2245840529933     
   2.17084052363055       -26.3143785525577     
   2.17398211628414       -26.4039194421849     
   2.17712370893773       -26.4932065341156     
   2.18026530159132       -26.5822392824224     
   2.18340689424491       -26.6710175021439     
   2.18654848689850       -26.7595406501435     
   2.18969007955209       -26.8478085442482     
   2.19283167220568       -26.9358206441032     
   2.19597326485927       -27.0235767703149     
   2.19911485751286       -27.1110763853013     
   2.20225645016645       -27.1983193124391     
   2.20539804282003       -27.2853050169102     
   2.20853963547362       -27.3720333248528     
   2.21168122812721       -27.4585037042038     
   2.21482282078080       -27.5447159838544     
   2.21796441343439       -27.6306696344875     
   2.22110600608798       -27.7163644877384     
   2.22424759874157       -27.8018000170278     
   2.22738919139516       -27.8869760567265     
   2.23053078404875       -27.9718920829843     
   2.23367237670234       -28.0565479328991     
   2.23681396935593       -28.1409430853412     
   2.23995556200952       -28.2250773801273     
   2.24309715466311       -28.3089502988399     
   2.24623874731670       -28.3925616840061     
   2.24938033997029       -28.4759110199126     
   2.25252193262388       -28.5589981517884     
   2.25566352527747       -28.6418225666164     
   2.25880511793106       -28.7243841123192     
   2.26194671058465       -28.8066822785678     
   2.26508830323824       -28.8887169159708     
   2.26822989589183       -28.9704875168790     
   2.27137148854542       -29.0519939345788     
   2.27451308119901       -29.1332356640932     
   2.27765467385260       -29.2142125613788     
   2.28079626650619       -29.2949241241226     
   2.28393785915978       -29.3753702109436     
   2.28707945181337       -29.4555503221855     
   2.29022104446696       -29.5354643191215     
   2.29336263712055       -29.6151117047444     
   2.29650422977414       -29.6944923429747     
   2.29964582242773       -29.7736057394462     
   2.30278741508132       -29.8524517607186     
   2.30592900773491       -29.9310299150603     
   2.30907060038850       -30.0093400716626     
   2.31221219304209       -30.0873817414204     
   2.31535378569568       -30.1651547961499     
   2.31849537834927       -30.2426587493650     
   2.32163697100286       -30.3198934754995     
   2.32477856365645       -30.3968584906791     
   2.32792015631004       -30.4735536719481     
   2.33106174896363       -30.5499785380368     
   2.33420334161722       -30.6261329685926     
   2.33734493427081       -30.7020164849440     
   2.34048652692440       -30.7776289693342     
   2.34362811957799       -30.8529699456824     
   2.34676971223158       -30.9280392988212     
   2.34991130488517       -31.0028365552539     
   2.35305289753876       -31.0773616023949     
   2.35619449019234       -31.1516139693249     
   2.35933608284593       -31.2255935460339     
   2.36247767549952       -31.2992998641727     
   2.36561926815311       -31.3727328163003     
   2.36876086080670       -31.4458919366313     
   2.37190245346029       -31.5187771202865     
   2.37504404611388       -31.5913879040379     
   2.37818563876747       -31.6637241855618     
   2.38132723142106       -31.7357855041809     
   2.38446882407465       -31.8075717601206     
   2.38761041672824       -31.8790824952476     
   2.39075200938183       -31.9503176123302     
   2.39389360203542       -32.0212766557729     
   2.39703519468901       -32.0919595308802     
   2.40017678734260       -32.1623657845884     
   2.40331837999619       -32.2324953247317     
   2.40645997264978       -32.3023477007723     
   2.40960156530337       -32.3719228230678     
   2.41274315795696       -32.4412202435996     
   2.41588475061055       -32.5102398752435     
   2.41902634326414       -32.5789812724936     
   2.42216793591773       -32.6474443507376     
   2.42530952857132       -32.7156286669768     
   2.42845112122491       -32.7835341391046     
   2.43159271387850       -32.8511603266234     
   2.43473430653209       -32.9185071499265     
   2.43787589918568       -32.9855741710118     
   2.44101749183927       -33.0523613127663     
   2.44415908449286       -33.1188681396778     
   2.44730067714645       -33.1850945771214     
   2.45044226980004       -33.2510401920686     
   2.45358386245363       -33.3167049123771     
   2.45672545510722       -33.3820883074969     
   2.45986704776081       -33.4471903077624     
   2.46300864041440       -33.5120104850961     
   2.46615023306799       -33.5765487723040     
   2.46929182572158       -33.6408047437756     
   2.47243341837517       -33.7047783347825     
   2.47557501102876       -33.7684691221763     
   2.47871660368235       -33.8318770436888     
   2.48185819633594       -33.8950016786279     
   2.48499978898953       -33.9578429671806     
   2.48814138164312       -34.0204004911055     
   2.49128297429671       -34.0826741930397     
   2.49442456695030       -34.1446636571874     
   2.49756615960389       -34.2063688286299     
   2.50070775225748       -34.2677892940125     
   2.50384934491107       -34.3289250008556     
   2.50699093756465       -34.3897755382400     
   2.51013253021824       -34.4503408561203     
   2.51327412287183       -34.5106205460077     
   2.51641571552542       -34.5706145602861     
   2.51955730817901       -34.6303224928920     
   2.52269890083260       -34.6897442986335     
   2.52584049348619       -34.7488795738679     
   2.52898208613978       -34.8077282758222     
   2.53212367879337       -34.8662900032695     
   2.53526527144696       -34.9245647158514     
   2.53840686410055       -34.9825520147517     
   2.54154845675414       -35.0402518620217     
   2.54469004940773       -35.0976638612513     
   2.54783164206132       -35.1547879768968     
   2.55097323471491       -35.2116238149494     
   2.55411482736850       -35.2681713422656     
   2.55725642002209       -35.3244301672337     
   2.56039801267568       -35.3804002591058     
   2.56353960532927       -35.4360812286621     
   2.56668119798286       -35.4914730475463     
   2.56982279063645       -35.5465753289263     
   2.57296438329004       -35.6013880468321     
   2.57610597594363       -35.6559108168150     
   2.57924756859722       -35.7101436152875     
   2.58238916125081       -35.7640860601797     
   2.58553075390440       -35.8177381302820     
   2.58867234655799       -35.8710994458991     
   2.59181393921158       -35.9241699881946     
   2.59495553186517       -35.9769493798440     
   2.59809712451876       -36.0294376043803     
   2.60123871717235       -36.0816342868448     
   2.60438030982594       -36.1335394131358     
   2.60752190247953       -36.1851526106565     
   2.61066349513312       -36.2364738676662     
   2.61380508778671       -36.2875028139262     
   2.61694668044030       -36.3382394400525     
   2.62008827309389       -36.3886833781606     
   2.62322986574748       -36.4388346212190     
   2.62637145840107       -36.4886928036933     
   2.62951305105466       -36.5382579209010     
   2.63265464370825       -36.5875296096535     
   2.63579623636184       -36.6365078676137     
   2.63893782901543       -36.6851923339347     
   2.64207942166902       -36.7335830086209     
   2.64522101432261       -36.7816795331637     
   2.64836260697620       -36.8294819099048     
   2.65150419962979       -36.8769897826702     
   2.65464579228338       -36.9242031561351     
   2.65778738493696       -36.9711216764567     
   2.66092897759055       -37.0177453506399     
   2.66407057024414       -37.0640738271695     
   2.66721216289773       -37.1101071153765     
   2.67035375555132       -37.1558448660691     
   2.67349534820491       -37.2012870909014     
   2.67663694085850       -37.2464334430018     
   2.67977853351209       -37.2912839363437     
   2.68292012616568       -37.3358382263717     
   2.68606171881927       -37.3800963293752     
   2.68920331147286       -37.4240579031122     
   2.69234490412645       -37.4677229661844     
   2.69548649678004       -37.5110911786597     
   2.69862808943363       -37.5541625614485     
   2.70176968208722       -37.5969367769254     
   2.70491127474081       -37.6394138483067     
   2.70805286739440       -37.6815934402703     
   2.71119446004799       -37.7234755783344     
   2.71433605270158       -37.7650599294774     
   2.71747764535517       -37.8063465215169     
   2.72061923800876       -37.8473350237278     
   2.72376083066235       -37.8880254662241     
   2.72690242331594       -37.9284175205742     
   2.73004401596953       -37.9685112191852     
   2.73318560862312       -38.0083062359164     
   2.73632720127671       -38.0478026054646     
   2.73946879393030       -38.0870000039769     
   2.74261038658389       -38.1258984684373     
   2.74575197923748       -38.1644976772772     
   2.74889357189107       -38.2027976697649     
   2.75203516454466       -38.2407981266139     
   2.75517675719825       -38.2784990893731     
   2.75831834985184       -38.3159002410350     
   2.76145994250543       -38.3530016254271     
   2.76460153515902       -38.3898029278182     
   2.76774312781261       -38.4263041943110     
   2.77088472046620       -38.4625051124477     
   2.77402631311979       -38.4984057306038     
   2.77716790577338       -38.5340057385923     
   2.78030949842697       -38.5693051870588     
   2.78345109108056       -38.6043037680841     
   2.78659268373415       -38.6390015345815     
   2.78973427638774       -38.6733981808971     
   2.79287586904133       -38.7074937622090     
   2.79601746169492       -38.7412879751264     
   2.79915905434851       -38.7747808770895     
   2.80230064700210       -38.8079721669679     
   2.80544223965569       -38.8408619044613     
   2.80858383230927       -38.8734497906977     
   2.81172542496286       -38.9057358876341     
   2.81486701761645       -38.9377198986536     
   2.81800861027004       -38.9694018879685     
   2.82115020292363       -39.0007815612150     
   2.82429179557722       -39.0318589848577     
   2.82743338823081       -39.0626338667840     
   2.83057498088440       -39.0931062757087     
   2.83371657353799       -39.1232759217674     
   2.83685816619158       -39.1531428759233     
   2.83999975884517       -39.1827068505584     
   2.84314135149876       -39.2119679188814     
   2.84628294415235       -39.2409257955188     
   2.84942453680594       -39.2695805559226     
   2.85256612945953       -39.2979319169616     
   2.85570772211312       -39.3259799563294     
   2.85884931476671       -39.3537243931345     
   2.86199090742030       -39.3811653073101     
   2.86513250007389       -39.4083024202028     
   2.86827409272748       -39.4351358139830     
   2.87141568538107       -39.4616652122334     
   2.87455727803466       -39.4878906993600     
   2.87769887068825       -39.5138120011793     
   2.88084046334184       -39.5394292043310     
   2.88398205599543       -39.5647420368634     
   2.88712364864902       -39.5897505876484     
   2.89026524130261       -39.6144545869645     
   2.89340683395620       -39.6388541259130     
   2.89654842660979       -39.6629489370014     
   2.89969001926338       -39.6867391135587     
   2.90283161191697       -39.7102243903192     
   2.90597320457056       -39.7334048628385     
   2.90911479722415       -39.7562802680757     
   2.91225638987774       -39.7788507038110     
   2.91539798253133       -39.8011159092271     
   2.91853957518492       -39.8230759843268     
   2.92168116783851       -39.8447306705148     
   2.92482276049210       -39.8660800700155     
   2.92796435314569       -39.8871239264534     
   2.93110594579928       -39.9078623442728     
   2.93424753845287       -39.9282950693171     
   2.93738913110646       -39.9484222082486     
   2.94053072376005       -39.9682435091279     
   2.94367231641364       -39.9877590808347     
   2.94681390906723       -40.0069686736448     
   2.94995550172082       -40.0258723986533     
   2.95309709437441       -40.0444700083508     
   2.95623868702800       -40.0627616160460     
   2.95938027968159       -40.0807469764424     
   2.96252187233517       -40.0984262050621     
   2.96566346498876       -40.1157990588200     
   2.96880505764235       -40.1328656554495     
   2.97194665029594       -40.1496257540760     
   2.97508824294953       -40.1660794746430     
   2.97822983560312       -40.1822265784856     
   2.98137142825671       -40.1980671877559     
   2.98451302091030       -40.2136010659971     
   2.98765461356389       -40.2288283375695     
   2.99079620621748       -40.2437487682227     
   2.99393779887107       -40.2583624845244     
   2.99707939152466       -40.2726692544298     
   3.00022098417825       -40.2866692067119     
   3.00336257683184       -40.3003621115314     
   3.00650416948543       -40.3137480998654     
   3.00964576213902       -40.3268269440790     
   3.01278735479261       -40.3395987773527     
   3.01592894744620       -40.3520633742546     
   3.01907054009979       -40.3642208701681     
   3.02221213275338       -40.3760710418629     
   3.02535372540697       -40.3876140269246     
   3.02849531806056       -40.3988496043242     
   3.03163691071415       -40.4097779138479     
   3.03477850336774       -40.4203987366674     
   3.03792009602133       -40.4307122147695     
   3.04106168867492       -40.4407181315250     
   3.04420328132851       -40.4504166311196     
   3.04734487398210       -40.4598074991241     
   3.05048646663569       -40.4688908819227     
   3.05362805928928       -40.4776665672838     
   3.05676965194287       -40.4861347037904     
   3.05991124459646       -40.4942950814080     
   3.06305283725005       -40.5021478509172     
   3.06619442990364       -40.5096928044809     
   3.06933602255723       -40.5169300950760     
   3.07247761521082       -40.5238595170618     
   3.07561920786441       -40.5304812256120     
   3.07876080051800       -40.5367950172819     
   3.08190239317159       -40.5428010494405     
   3.08504398582518       -40.5484991208389     
   3.08818557847877       -40.5538893910414     
   3.09132717113236       -40.5589716609944     
   3.09446876378595       -40.5637460924570     
   3.09761035643954       -40.5682124885702     
   3.10075194909313       -40.5723710132880     
   3.10389354174672       -40.5762214719454     
   3.10703513440031       -40.5797640306912     
   3.11017672705390       -40.5829984970539     
   3.11331831970748       -40.5859250393766     
   3.11645991236107       -40.5885434673821     
   3.11960150501466       -40.5908539516064     
   3.12274309766825       -40.5928563039664     
   3.12588469032184       -40.5945506971919     
   3.12902628297543       -40.5959369453927     
   3.13216787562902       -40.5970152234928     
   3.13530946828261       -40.5977853477951     
   3.13845106093620       -40.5982474954165     
