2.5 2.566623525955730E-004 8.685171909412141E-003 3.975633361743090E-004 21.84600821843437080287 33.83890088118028812224
2.5 2.562667883878742E-004 1.077643247530095E-002 6.429225214094538E-004 16.76163474826826755087 42.05161559597107543254
2.5 2.562404547442687E-004 9.307492898839809E-003 5.652751453877159E-004 16.46542037940816187614 36.32327654167179702463
2.5 2.565334535390298E-004 9.000120281744226E-003 1.910366864949786E-004 47.11199951628554965734 35.08361251751877117330
2.5 2.568968429444041E-004 7.195816920823356E-003 2.919702044546068E-004 24.64572347121846213822 28.01053075759528374954
2.5 2.562711061657908E-004 8.753694223561625E-003 7.685553876308112E-004 11.38980269274569523722 34.15794450857269899778
2.5 2.562144389499529E-004 7.817848546803816E-003 4.730009424273404E-004 16.52818809764791861043 30.51291167993423954587
2.5 2.566008251630216E-004 7.050617911723287E-003 4.660149558563796E-004 15.12959578468165214516 27.47698845958092448899
2.5 2.562552395429385E-004 9.141158345096987E-003 8.070147885808184E-004 11.32712618708293569884 35.67208366705524955895
2.5 2.564825225121970E-004 9.047378541393281E-003 4.954438317643285E-004 18.26115890710476280866 35.27483452976034202580
2.5 2.565503812265565E-004 6.407018526874257E-003 3.584038497813145E-004 17.87653377826046156470 24.97372444446417484719
2.5 2.563101642747774E-004 7.913138067249966E-003 3.475873750467436E-004 22.76589610363669295782 30.87329013907807263600
2.5 2.564081187714039E-004 7.476537923575986E-003 3.246101955095330E-004 23.03235704547184667921 29.15874099229112347939
2.5 2.561954357867710E-004 1.036213995122990E-002 6.775019665967114E-004 15.29462711862214970984 40.44623168015455800285
2.5 2.566504259850229E-004 9.157373953019051E-003 4.345333854190611E-004 21.07404001694309542880 35.68033802349285401385
2.5 2.568379567430805E-004 7.652883719792501E-003 3.441050372595235E-004 22.23996422935450271634 29.79654493766205447239
2.5 2.564351496775913E-004 8.109643445488436E-003 6.181203801640611E-004 13.11984478385258844390 31.62453920878031960283
2.5 2.564725547107786E-004 8.743764785540465E-003 5.192124737510838E-004 16.84043667589604656475 34.09239945927437148575
2.5 2.566497070407805E-004 6.971832346626456E-003 4.097367141956805E-004 17.01539575312959348653 27.16477812117144854496
2.5 2.562709847968107E-004 9.411651923341631E-003 5.527836645820283E-004 17.02592266444411818885 36.72539023800855697607
2.5 2.563191584753664E-004 1.091418406756990E-002 5.790858282715384E-004 18.84726500758389102809 42.58044592721620406222
2.5 2.563419134142605E-004 1.014546859335972E-002 5.776340518336524E-004 17.56383398996952075642 39.57787650966063083164
2.5 2.565760127822551E-004 8.717395113747074E-003 4.074707236333074E-004 21.39391766852939671331 33.97587724283932961673
2.5 2.560993958312915E-004 9.768080281142932E-003 6.485853907643303E-004 15.06059251447471674505 38.14175449120454070723
2.5 2.560335367110390E-004 9.066525056235548E-003 4.684494236861802E-004 19.35433068716788556747 35.41147449940545516434
2.5 2.560993958312915E-004 9.768080281142932E-003 6.485853907643303E-004 15.06059251447471674505 38.14175449120454070723
2.5 2.567705434232759E-004 6.536461993878541E-003 2.684561213606404E-004 24.34834400776261114829 25.45643245028868690679
2.5 2.564078449185852E-004 1.073405808727613E-002 7.579885074606546E-004 14.16124120830857016633 41.86322025632412184784
2.5 2.561010150183884E-004 1.062922460908063E-002 7.575042400659070E-004 14.03190113913531294771 41.50403155691295196982
2.5 2.568897339313960E-004 8.712328922004091E-003 4.010978218547707E-004 21.72120726489172191574 33.91466365226869122454
2.5 2.560529606943130E-004 1.026083937964001E-002 5.902356128820458E-004 17.38431086788821480511 40.07311359265960558370
2.5 2.563824772570721E-004 1.208182707696960E-002 5.041327260974967E-004 23.96556789815116310521 47.12423097798245775433
2.5 2.562508591558929E-004 9.438970556776548E-003 5.064759803682862E-004 18.63656110584545338015 36.83488355070938974732
2.5 2.564563282073723E-004 8.422217727769131E-003 4.021327940894721E-004 20.94387190390455646008 32.84074831235542563311
2.5 2.569878982107894E-004 6.572563234470120E-003 3.457757894445072E-004 19.00816492973385661176 25.57538032035695676027
2.5 2.565023634870376E-004 9.111723216210793E-003 4.557633361790698E-004 19.99222511534097873779 35.52296007078022818148
2.5 2.562239405891653E-004 9.714783140801720E-003 4.543774746260228E-004 21.38042417000867211983 37.91520463881476916017
2.5 2.562937360032656E-004 7.958324326315250E-003 4.563571625251697E-004 17.43880666248186795566 31.05157562732570246910
2.5 2.562810553239439E-004 8.676685386763949E-003 4.457815395275080E-004 19.46398542200856141332 33.85613257989928819806
2.5 2.564643913850415E-004 6.971731773107442E-003 3.924661250347251E-004 17.76390706966260731576 27.18401465192284032289
2.5 2.561443140459888E-004 1.014997638299678E-002 5.957942562483451E-004 17.03604268847795383063 39.62600700624737463034
2.5 2.561883607654674E-004 1.022402224435638E-002 4.839675586402513E-004 21.12542888841899747985 39.90822305044591511868
2.5 2.558808770940450E-004 1.155346877557490E-002 1.047349005130633E-003 11.03115458073487851707 45.15174758967472156166
2.5 2.561907602629679E-004 7.643972431139134E-003 4.908469125313013E-004 15.57302742665551145054 29.83703402610208041822
2.5 2.565543976099448E-004 8.605666272542088E-003 2.710801588105034E-004 31.74583602984317266765 33.54324210659528046187
2.5 2.564363663074611E-004 7.748696633883878E-003 4.693825243533407E-004 16.50827679313180377827 30.21683993366750157218
2.5 2.563490470664534E-004 8.315685276049031E-003 5.956744136348614E-004 13.96011828895912431764 32.43891627922983743696
2.5 2.563650986013234E-004 7.511979041192896E-003 4.970483665016401E-004 15.11317519070472366469 29.30187877436027048039
2.5 2.558921270919484E-004 9.348982953963022E-003 6.333976746125815E-004 14.76005253679110744087 36.53485967000344683960
2.5 2.560397366927975E-004 1.146430959666436E-002 5.953038282163422E-004 19.25791344398689241776 44.77550924222168052759
5 2.636912930618774E-004 3.644612142907961E-003 3.403583010349293E-004 10.70816293249134641931 13.82151113367524739232
5 2.629412528962565E-004 4.091467732050573E-003 4.090907653789927E-004 10.00136908067364250674 15.56038729938227699779
5 2.634853832316776E-004 4.942571601084184E-003 2.505259513011988E-004 19.72878089241101761047 18.75842804053489529548
5 2.627541624683690E-004 5.604209888020203E-003 6.981090257024270E-004 8.02770008936831852206 21.32871972559084286111
5 2.630121284755369E-004 5.390052637388685E-003 4.992348286753814E-004 10.79662781479028420502 20.49355164201114323582
5 2.635750242385321E-004 6.544913252533562E-003 3.293678382867248E-004 19.87113643693411977689 24.83131044544834177344
5 2.636684307146686E-004 6.187054249414567E-003 1.594998686766459E-004 38.79034071154994308789 23.46528263791257189402
5 2.635862187577573E-004 4.858227672359281E-003 4.388060672468216E-004 11.07146877626603864228 18.43126585014719834027
5 2.628173544964896E-004 5.902698798174798E-003 5.692382327817137E-004 10.36947003599863828387 22.45931898022221052890
5 2.635990335144647E-004 5.751940871862334E-003 2.517328082737124E-004 22.84938904589731857960 21.82079651497167847032
5 2.636700352274379E-004 3.404435160193911E-003 2.069725515465899E-004 16.44872778904485031282 12.91172566217960728839
5 2.629797163013455E-004 4.894218814835308E-003 2.834867146520457E-004 17.26436747077378528385 18.61063234712398004886
5 2.628503392729968E-004 4.926952910736288E-003 4.685320017488424E-004 10.51572334941038208677 18.74432775838705121019
5 2.631314880351716E-004 4.801515909844109E-003 6.686909983725154E-004 7.18047038397438274281 18.24759152048846396550
5 2.635510653459258E-004 4.894624320299177E-003 2.695178595708367E-004 18.16066782399158680448 18.57182521297989634661
5 2.624922646275662E-004 8.559882546608964E-003 8.650025359988939E-004 9.89578896057700081953 32.61003732340091666509
5 2.638962537979105E-004 4.052596727317705E-003 2.310469228272890E-004 17.54014586183033102735 15.35678005653368995239
5 2.627396344069786E-004 6.776767963532941E-003 6.490830661821278E-004 10.44052497532177361625 25.79271292216178852078
5 2.631887806681465E-004 5.325513816134495E-003 4.038515226453664E-004 13.18681128462893368459 20.23457763896634488577
5 2.631786015419035E-004 4.836251425055898E-003 4.439909405488661E-004 10.89268042063487822291 18.37630945951305359665
5 2.631637545102340E-004 6.117418334696187E-003 3.545770078011239E-004 17.25272141200802548598 23.24567205723723930290
5 2.633564102814213E-004 5.679288409162518E-003 2.437213003750135E-004 23.30238842655035796132 21.56502818022792661467
5 2.626917551646490E-004 6.458703143654486E-003 7.298938552235872E-004 8.84882520579105567198 24.58662297797021879617
5 2.631942908700848E-004 6.568679912961482E-003 4.790443845941603E-004 13.71204866231001896723 24.95753191015775015277
5 2.631812745501953E-004 5.033218602953172E-003 1.841413715418741E-004 27.33344799600674455316 19.12453160490037219092
5 2.629700006844513E-004 3.749174434822293E-003 3.611414554786543E-004 10.38145684452969831752 14.25704234347660126194
5 2.628396938378952E-004 8.893996262165672E-003 7.637309332327129E-004 11.64545768038915319326 33.83810159073990814624
5 2.626641296513240E-004 4.761476260071135E-003 5.398577288210826E-004 8.81987235872131716901 18.12762277967609052795
5 2.631405463951503E-004 4.542510550667143E-003 3.721530209668088E-004 12.20602895783634052065 17.26267811212108135244
5 2.632386582621725E-004 4.525218933527623E-003 2.564402374164057E-004 17.64629053193242462432 17.19055614172266415343
5 2.633817421758235E-004 5.839688649513756E-003 4.376255554102706E-004 13.34403024987673012597 22.17195695218465419223
5 2.625154543519545E-004 5.406808774264100E-003 2.703449658324945E-004 19.99966508573403175562 20.59615418685099907011
5 2.631656338765537E-004 5.039776704471493E-003 3.163622642915040E-004 15.93039775384752693880 19.15058828249421908294
5 2.626627976585134E-004 7.271624481833552E-003 4.646582351263039E-004 15.64940408267373380713 27.68425733166580716053
5 2.624680556145023E-004 5.940115905879061E-003 9.711423851177065E-004 6.11662717734134755445 22.63176710008304844539
5 2.627308142653302E-004 6.345957584414267E-003 3.200994264330231E-004 19.82495768620841689778 24.15383822472199348899
5 2.629073459322339E-004 8.258496805278667E-003 5.648761768229056E-004 14.62001256935250316630 31.41219495406320424563
5 2.626904187005889E-004 5.133194483615706E-003 5.146055382200167E-004 9.97500823906997597209 19.54085158113990395228
5 2.629516121644780E-004 3.732138176679452E-003 2.500025879964571E-004 14.92839816815153058283 14.19325078845675415298
5 2.629579901255523E-004 5.235250194950576E-003 3.841993447234929E-004 13.62639022385207253350 19.90907442078845337842
5 2.629332157764544E-004 4.068787874277084E-003 5.300965425765463E-004 7.67556010552464275598 15.47460583198573148504
5 2.628331668725166E-004 4.172708942243550E-003 5.489840182236203E-004 7.60078400049864548438 15.87588428011241711376
5 2.630265664099710E-004 4.785151395414373E-003 2.437680059619079E-004 19.62994026444191633395 18.19265430380865909344
5 2.629978366571743E-004 6.153792985295292E-003 3.993388713867600E-004 15.40995236433003994637 23.39864488435678203517
5 2.633099878377316E-004 4.468993093060603E-003 2.399426384114083E-004 18.62525611391343478148 16.97236451134805199061
5 2.626078462554663E-004 5.938129897279051E-003 7.565450640806724E-004 7.84901016371689989965 22.61215718399520656053
5 2.634847223611881E-004 4.292062193736657E-003 3.720056276096459E-004 11.53762705504126680902 16.28960554249155032358
5 2.631141590300511E-004 2.866549189817921E-003 5.669319689033780E-004 5.05624898056589553340 10.89469757304289866727
5 2.631420032342954E-004 3.634496815724278E-003 3.721276733552518E-004 9.76680068685621366232 13.81192197008627397751
5 2.626227556526907E-004 7.075871709792834E-003 6.326938865371749E-004 11.18372069077528584858 26.94310206367046090081
7.5 2.695251610834260E-004 3.763259462866326E-003 1.108585938883604E-003 3.39464838121264452821 13.96255343189085792769
7.5 2.706832121535795E-004 2.803647067586394E-003 2.725103668101032E-004 10.28822169374603784278 10.35766882356807706608
7.5 2.703545710547524E-004 1.890810566965347E-003 1.635895345499823E-004 11.55826118196844995683 6.99381763581285518296
7.5 2.701328754325632E-004 3.316735586044130E-003 3.773382839540787E-004 8.78981997609277822461 12.27816340655704473858
7.5 2.697014384262456E-004 3.933920949990528E-003 6.027372859932416E-004 6.52675890708815125035 14.58620678089681353108
7.5 2.697716984509574E-004 3.934477439646375E-003 2.065279806500531E-004 19.05057816990456984986 14.58447072928087511814
7.5 2.696561371866468E-004 2.979888935853149E-003 5.950702203934020E-004 5.00762571160616814231 11.05069948321098771691
7.5 2.704544642754674E-004 2.962901188106274E-003 2.321360510305392E-004 12.76364086901987756642 10.95526818551035177823
7.5 2.708332999146435E-004 2.418464597584004E-003 1.641788876083006E-004 14.73066746166533669258 8.92971653908959256401
7.5 2.702364430765051E-004 2.446741188274756E-003 3.690979425385078E-004 6.62897541895533254120 9.05407561030572416180
7.5 2.701162564677922E-004 3.433684859287072E-003 3.605745460574073E-004 9.52281545336922611399 12.71187785654986529708
7.5 2.703133047219925E-004 2.335872607859417E-003 2.031414144486060E-004 11.49875132158432334545 8.64135270833885835942
7.5 2.709938042261928E-004 1.861073866094910E-003 2.750563294589006E-004 6.76615538990167076606 6.86758825135910112608
7.5 2.705310530106491E-004 3.009869789567387E-003 4.071462423972090E-004 7.39260117407881976777 11.12578299633834428720
7.5 2.693690930572599E-004 6.629312938043221E-003 3.939000125961927E-004 16.82993837534926147493 24.61051809174716712996
7.5 2.705268435882859E-004 1.630766811373349E-003 1.736422712305431E-004 9.39153121999997499914 6.02811458464805352519
7.5 2.715214589862020E-004 5.230986677996879E-004 1.190928711080056E-004 4.39235919776666152778 1.92654632069530234121
7.5 2.703280836873893E-004 1.664785749720573E-003 3.809261642050849E-004 4.37036335688476748472 6.15838993497157915876
7.5 2.705320880675795E-004 9.740937016961843E-004 2.606614265463061E-004 3.73700748362603646597 3.60065864516912163517
7.5 2.696067275578638E-004 2.514558792024146E-003 1.671764137214747E-004 15.04134905186770100880 9.32676574802631322361
7.5 2.698247527830526E-004 1.406376639615646E-003 6.079609838095543E-004 2.31326791861399765095 5.21218540964036784623
7.5 2.699078574216043E-004 3.877739123172116E-003 2.376424536772240E-004 16.31753528533678906236 14.36689972724643320525
7.5 2.699846547905991E-004 2.335180936253051E-003 7.764008984810473E-004 3.00769994061264605126 8.64930985823703302209
7.5 2.708131114549053E-004 9.466841159629360E-004 1.758070942732720E-004 5.38478904890734344899 3.49571005213524898364
7.5 2.717290115123301E-004 3.688585265649310E-003 1.380393560577023E-004 26.72125813240849911576 13.57449925983311894790
7.5 2.703064394811943E-004 2.870457356309136E-003 2.837018154990103E-004 10.11786742097584374953 10.61927108291787042758
7.5 2.707852226750205E-004 6.669300561594004E-004 1.202522270329772E-004 5.54609317943447131339 2.46294849316725148563
7.5 2.698219321420621E-004 5.430606559248787E-003 4.415074290294164E-004 12.30014763553833866993 20.12663135326432798661
7.5 2.699754252914711E-004 2.857740280793036E-003 2.576509015754424E-004 11.09152059363652203936 10.58518669878104642006
7.5 2.705626262981831E-004 1.674662983356613E-003 2.491976908092141E-004 6.72021870635525260179 6.18955768677005486090
7.5 2.698013128138861E-004 2.874147033147549E-003 2.322762086659682E-004 12.37383307422932296386 10.65282819854248968039
7.5 2.701925770645882E-004 2.910070804189529E-003 7.723693092804000E-004 3.76771936588311601310 10.77035807498845891158
7.5 2.700204177375342E-004 3.015934261164881E-003 2.432392644657641E-004 12.39904366504682231931 11.16928225811588664121
7.5 2.699563701754253E-004 3.124794378674257E-003 3.191919210605291E-004 9.78970385056110187907 11.57518296991353474988
7.5 2.700296642441436E-004 1.986354036890028E-003 3.010773139821078E-004 6.59748823522476216524 7.35605861100539446250
7.5 2.700385030947646E-004 3.510570767777035E-003 4.716642771703317E-004 7.44294392791011753420 13.00026006493255724740
7.5 2.707281159662202E-004 2.799120775888546E-003 1.769405098252699E-004 15.81955866778443821586 10.33923191131652977675
7.5 2.703185297912429E-004 3.792468619005846E-003 2.873839886738582E-004 13.19652022545272297708 14.02962875661772285202
7.5 2.706083232407780E-004 2.401707520557273E-003 1.304332078658799E-004 18.41331329539075984782 8.87521674054465820567
7.5 2.696414198157366E-004 3.052549823512120E-003 2.571553601340427E-004 11.87044991759445668498 11.32077492248084317999
7.5 2.703243027901889E-004 1.881088887799004E-003 9.971810546006330E-005 18.86406564906482835864 6.95863771175247766311
7.5 2.696460040797333E-004 2.246005932159491E-003 3.866973550679462E-004 5.80817505660168680483 8.32946121276603665257
7.5 2.706996187256922E-004 5.327461590674003E-004 1.064937607162066E-004 5.00260442944734029900 1.96803439020447045365
7.5 2.700153367402314E-004 2.553352856113326E-003 2.917620270503940E-004 8.75149135042273114207 9.45632528484773581727
7.5 2.703457043297421E-004 1.282682025749924E-003 2.400746617529643E-004 5.34284633115425476849 4.74459924906160106748
7.5 2.710382288607329E-004 1.782245284160661E-003 3.173825715740119E-004 5.61544786571574877452 6.57562326780267215810
7.5 2.692090863881207E-004 3.613980243433755E-003 8.131604707861294E-004 4.44436291884664615487 13.42443634396297221957
7.5 2.701822450003447E-004 2.728900768045522E-003 3.577665375184778E-004 7.62760203056883343987 10.10022241854582433176
7.5 2.700140405781631E-004 2.376479340615400E-003 4.642625250116062E-004 5.11882655304989321561 8.80131764824822777513
7.5 2.697828170274606E-004 3.118975916651331E-003 5.556779314281835E-004 5.61292025514680942031 11.56106215739402445531
10 2.780182604935056E-004 2.324175517292548E-003 5.522751831922859E-005 42.08364938395826415926 8.35979447237365852528
10 2.781535744763186E-004 8.365893123947733E-004 2.842583259118814E-004 2.94306001314491533336 3.00765256736256223631
10 2.780337050224371E-004 7.018832618389227E-004 2.553603964689721E-004 2.74859873161344322468 2.52445386713917032518
10 2.777487633062048E-004 2.458763093810881E-003 2.436577424238971E-004 10.09105259431203737135 8.85247179696786496184
10 2.780336042750581E-004 3.309089763787822E-004 1.020103773220957E-004 3.24387562388818355421 1.19017619198078876094
10 2.783013594368184E-004 1.388604193765925E-003 8.858547658637729E-005 15.67530307760928282896 4.98957028659852462567
10 2.771780542393242E-004 1.722586846063784E-003 5.649289677430380E-004 3.04920962531932864830 6.21473027794779397655
10 2.770470016373561E-004 1.756188167734021E-003 2.455820829966206E-004 7.15112497746094739227 6.33895388636186707145
10 2.773445912136417E-004 2.188543036846319E-003 8.657201007528203E-004 2.52800302885792648387 7.89106081813024921048
10 2.768869838975460E-004 3.210614194289612E-003 5.882618565966909E-004 5.45779767681043353626 11.59539588714508403985
10 2.780972255219691E-004 3.898174483000373E-004 1.759108113885643E-004 2.21599482841893566559 1.40173080680102842569
10 2.786141888988430E-004 3.434790901326829E-003 9.129026314457704E-005 37.62494249673841101379 12.32812626988607988332
10 2.787718371371466E-004 6.550474352899913E-004 2.078060717150204E-004 3.15220546677916876769 2.34976187701388733811
10 2.779001802944314E-004 1.630211760732674E-003 1.450431658608395E-004 11.23949378143584906559 5.86617741307503712887
10 2.776985031823265E-004 1.681873518132149E-003 1.216463324051913E-004 13.82592869738154519447 6.05647311331704749918
10 2.781427618602783E-004 2.669235120199469E-004 3.604407626124345E-004 .74054751767062919284 .95966370016140396137
10 2.773902301239080E-004 2.731244157697286E-004 4.885519811249178E-004 .55904883476440851739 .98462161283663849731
10 2.769666508485257E-004 9.359718083115668E-004 2.330193954177637E-004 4.01671202791308560982 3.37936645240171520801
10 2.767645093692876E-004 2.285692592811949E-003 9.119195482225601E-004 2.50646298488395858736 8.25861884538867469915
10 2.778319223048342E-004 7.567325545902247E-004 1.447096877290073E-004 5.22931509607933725237 2.72370629088455095445
10 2.773437770438483E-004 2.158132847981239E-003 2.193035097104424E-004 9.84084956428983640889 7.78143598888117926052
10 2.773893027992085E-004 1.686374291297291E-003 2.403864130786309E-004 7.01526458879218948054 6.07944961928828527404
10 2.780370642919224E-004 1.697054172706051E-003 1.728264401294469E-004 9.81941288286073845236 6.10369763839919175856
10 2.780172348513484E-004 7.317569360421085E-004 4.496945797388595E-004 1.62723094520517548298 2.63205601779820534628
10 2.778365174832222E-004 2.887999329180142E-003 4.801629190047719E-004 6.01462381802839884977 10.39459951247963836035
10 2.783351436531992E-004 1.666063439059319E-003 1.099967708104043E-004 15.14647590819757520289 5.98581773466309155352
10 2.772046585638819E-004 1.393127625214129E-003 4.470560963581968E-004 3.11622553984345397126 5.02562847403620493046
10 2.783237365284951E-004 1.704021083959827E-003 5.943606041410007E-005 28.66981882863118814027 6.12244253836886595414
10 2.773902301239080E-004 2.731244157697286E-004 4.885519811249178E-004 .55904883476440851739 .98462161283663849731
10 2.771518798402331E-004 1.988668450227162E-003 3.564952160113618E-004 5.57838748154135531824 7.17537420772159039118
10 2.785239076665711E-004 6.050723269561904E-004 1.341970004183121E-004 4.50883644992130640831 2.17242509637822441518
10 2.782470373594912E-004 8.634183889145607E-004 1.637157036611122E-004 5.27388863503172070146 3.10306408689281556563
10 2.780309674843697E-004 1.321497908094753E-003 1.698052636288292E-004 7.78243194500356885857 4.75306013589671357685
10 2.774572729514365E-004 1.661255876376165E-003 1.137694311880697E-004 14.60195290622469666313 5.98742955520555244267
10 2.775095033388322E-004 6.012419978831385E-004 2.269304190620427E-004 2.64945528399504317070 2.16656363349487522819
10 2.778443595000934E-004 1.337564870651385E-003 1.683317829662547E-004 7.94600310815649863748 4.81407962737834656298
10 2.773502479953235E-004 1.605592869470407E-003 4.555912477261643E-004 3.52419603643364476697 5.78904428993868960096
10 2.772593549265038E-004 7.074700305247225E-004 6.410729704164167E-004 1.10357176666671313050 2.55165431915637038170
10 2.770001509560370E-004 7.453573577375368E-004 4.563217829260773E-004 1.63340297488775011665 2.69081931964662824226
10 2.770319519997091E-004 2.553761288868105E-003 5.318316250363916E-004 4.80182292411317018027 9.21829150187985031054
10 2.783672343207504E-004 6.029809724408633E-004 1.776112784308492E-004 3.39494753806204169750 2.16613486825132111114
10 2.785462250483860E-004 1.747527848068138E-003 2.357652372369207E-004 7.41215231112314359534 6.27374450242352628726
10 2.773875210995971E-004 1.293637100314878E-003 3.292361733749855E-004 3.92920707057751616507 4.66364562899854611673
10 2.774686517874674E-004 5.807660423855190E-004 2.318046678924686E-004 2.50541133474900250240 2.09308705197576061018
10 2.779783376651180E-004 8.249995541020325E-004 2.208639983735217E-004 3.73532834765947823476 2.96785555677332636100
10 2.782596859684694E-004 6.954978024043876E-004 5.846553500799754E-004 1.18958597113538768801 2.49945585895326908011
10 2.772630099078605E-004 3.328971946109250E-003 1.401959455391890E-004 23.74513708870918683329 12.00654911455923179994
10 2.779261689227146E-004 9.970869063918397E-004 2.280002961259249E-004 4.37318250604879535000 3.58759633990820244842
10 2.782596859684694E-004 6.954978024043876E-004 5.846553500799754E-004 1.18958597113538768801 2.49945585895326908011
10 2.774722434899458E-004 6.207476123161414E-004 1.453486050289043E-003 .42707503948365954345 2.23715210036363213622
12.5 2.861164600104161E-004 1.188278591420730E-003 4.730406368606904E-004 2.51200108157024121771 4.15312908379151130330
12.5 2.853751418664938E-004 1.565055941326329E-003 6.608253271288489E-004 2.36833528782284641964 5.48420556566382521533
12.5 2.849690109891038E-004 9.271688705410704E-004 5.801750614536708E-004 1.59808466813099718903 3.25357787965415662439
12.5 2.860537651442886E-004 1.228164220880040E-003 2.379425155682970E-004 5.16160055695266517749 4.29347336246576142562
12.5 2.864174864708835E-004 1.073131309699416E-003 9.826215549209103E-005 10.92110491903254342076 3.74673810220909085434
12.5 2.856599936880892E-004 7.169212328924139E-004 7.156434666832546E-004 1.00178547875952990734 2.50970121379760588161
12.5 2.857199929086840E-004 1.362817162908835E-003 3.414232644913561E-004 3.99157674547786356319 4.76976479326874000680
12.5 2.852041132625083E-004 3.216961704331451E-003 2.966226007181632E-004 10.84530206579928219717 11.27950669270497818262
12.5 2.871493603472081E-004 1.419873978637251E-003 1.012694007120135E-004 14.02076015710846996108 4.94472276351374491746
12.5 2.860532799889355E-004 3.481263423962463E-004 2.374733946277701E-004 1.46595934648561452935 1.21699825434517575601
12.5 2.856629143042211E-004 2.742726964862850E-005 1.375794135224877E-004 .19935591340593586718 .09601270684867202855
12.5 2.850954985433034E-004 1.367852865355219E-003 8.345427433365672E-004 1.63904470595051392429 4.79787605326730423319
12.5 2.869234559224860E-004 1.849946569801160E-003 1.420125196600208E-004 13.02664422988866111214 6.44752644517474920165
12.5 2.854654607114959E-004 1.229859937217459E-004 3.552165642749013E-004 .34622820580677458534 .43082617916442444529
12.5 2.846969367850843E-004 9.098586870061577E-007 4.069608297960691E-004 .00223574020001405666 .00319588506037560872
12.5 2.848165586462587E-004 9.709107590801940E-004 7.473263087147615E-004 1.29917915073798092686 3.40889856859081782257
12.5 2.848165586462587E-004 9.709107590801940E-004 7.473263087147615E-004 1.29917915073798092686 3.40889856859081782257
12.5 2.852949050005359E-004 4.513704132758702E-004 2.672386406200269E-004 1.68901627484945543449 1.58211873175590830327
12.5 2.851783082592213E-004 2.022919622966138E-004 2.731634240641785E-004 .74055288693806322527 .70935255746287164273
12.5 2.852149004329934E-004 2.195160234902427E-003 1.132418036189542E-004 19.38471628630087635381 7.69651316102310082069
12.5 2.855734377119290E-004 9.028759073256022E-004 2.299162373959861E-004 3.92697757040349293429 3.16162425525154920337
12.5 2.864394850013199E-004 1.630233545018683E-003 4.270955161669294E-005 38.17023319864378036291 5.69137158241703638954
12.5 2.849148651252937E-004 8.823085413063364E-004 8.175388805152736E-004 1.07922517489350495345 3.09674449916235091400
12.5 2.864631437121907E-004 3.164894242207002E-004 3.713679610984176E-005 8.52225979011760156897 1.10481725543959288848
12.5 2.860030245837888E-004 8.684358710185218E-004 2.354154692645863E-004 3.68894989667172719204 3.03645694755266728346
12.5 2.861354722318678E-004 2.001596415674600E-003 6.492997350549071E-005 30.82700188542873612104 6.99527535003636632019
12.5 2.834440821191732E-004 7.647621751575355E-004 7.256793107966005E-004 1.05385693622439440594 2.69810598774820627759
12.5 2.848729669388193E-004 3.850957865686894E-004 1.871212325902819E-004 2.05800154925170830055 1.35181583112936945968
12.5 2.860556430592200E-004 1.205855649630915E-003 5.161338204643615E-005 23.36323646735678446563 4.21545835186084952151
12.5 2.859132248456335E-004 2.174467900790226E-003 1.837993257021980E-004 11.83066310217819369563 7.60534215220102550113
12.5 2.860250311187686E-004 9.456843342701120E-004 4.518397168852920E-005 20.92964161692301460651 3.30629920944725803285
12.5 2.856662479578036E-004 1.401748196838512E-003 1.352511690977546E-004 10.36403756203674405016 4.90694370391831295137
12.5 2.852653604783061E-004 9.769855084096359E-004 1.769886938480765E-004 5.52004473940160503679 3.42483050438202022947
12.5 2.853911763834461E-004 1.694245656893183E-003 6.643311541905290E-005 25.50302881636763255369 5.93657336699445498995
12.5 2.858072769697254E-004 5.760979118402706E-004 7.367291274584918E-005 7.81967062748891579875 2.01568664712933361373
12.5 2.857959533815738E-004 4.064970918928663E-004 1.093078389958269E-004 3.71882836242316841191 1.42233326638513034045
12.5 2.872779512948956E-004 7.300232060867999E-004 5.857519513764542E-005 12.46300937404175505085 2.54117381022889196438
12.5 2.856509753178290E-004 4.784127305003174E-006 1.838633924648989E-004 .02602000996971977971 .01674815673106006410
12.5 2.856554508798169E-004 4.472118630720422E-004 2.055782063359851E-004 2.17538556757881748680 1.56556390467828504106
12.5 2.859475809086415E-004 5.374693771433373E-004 4.060903144387267E-004 1.32352178329146987642 1.87960805765674748874
12.5 2.852684507665133E-004 5.939008069319546E-004 5.316858762992372E-004 1.11701445046041118362 2.08190146977750057577
12.5 2.858556547697350E-004 1.486863604005312E-003 1.072582461760467E-005 138.62464258131453254307 5.20144898026601450106
12.5 2.859073180997318E-004 8.353139533822781E-004 2.897565370729253E-004 2.88281314313211883358 2.92162494802213906609
12.5 2.851743573436948E-004 5.547657881383042E-004 1.533983603250619E-004 3.61650402887434082747 1.94535649455219176202
12.5 2.854272323076961E-004 1.355776774607337E-004 2.854721380698308E-004 .47492437748012154790 .47499909649328179907
12.5 2.856676268026856E-004 1.378252563249851E-003 7.091060029547360E-005 19.43648139356998631105 4.82467187015849099085
12.5 2.856251087368230E-004 4.550415062999189E-004 1.224239117277581E-004 3.71693323532925386471 1.59314252277168450801
12.5 2.853628303883043E-004 2.983748870621667E-004 2.311338109198853E-004 1.29091838997795194722 1.04559828852326838955
12.5 2.851377043373228E-004 6.339751019114513E-004 3.272354625523580E-004 1.93736674187631681920 2.22339975481267068485
12.5 2.851658212566048E-004 8.488388808128436E-004 1.125931012761115E-004 7.53899547301073314832 2.97665013665512490367
15 2.952973571800841E-004 3.168562510109303E-004 1.293949782391178E-005 24.48752303396118174439 1.07300740527013496815
15 2.936892289544413E-004 8.166303432895176E-004 7.310175432107521E-005 11.17114562945698500040 2.78059343952378254339
15 2.945419556720899E-004 3.452999947787148E-004 1.613865306629167E-004 2.13958372709512383877 1.17232872305340848897
15 2.941867738794984E-004 6.594311194500598E-004 1.605737165343727E-004 4.10671891815433432184 2.24153897455692155928
15 2.948741190739095E-004 3.505851558466383E-004 1.199298126050995E-004 2.92325276118818159934 1.18893159205594764488
15 2.930644166728788E-004 1.208916321559262E-003 4.012281914815531E-004 3.01303933079897561293 4.12508736230733029613
15 2.935132693309115E-004 1.829134632948661E-003 4.748879948365973E-004 3.85171799000318405438 6.23186351035620709192
15 2.952809332528988E-004 1.977350705786190E-004 2.512345855746294E-004 .78705354251427961280 .66965065573422972334
15 2.941553245722452E-004 1.136359155540932E-003 6.847859821094176E-005 16.59436941218461438278 3.86312624866948370176
15 2.955052309744622E-004 8.503279537796081E-004 3.166312180775327E-005 26.85546797762027387309 2.87753942959166813004
15 2.943535541014475E-004 3.290206275976663E-004 1.098795263010075E-004 2.99437610147987565612 1.11777358558501034499
15 2.940253114061293E-004 1.184340138327052E-003 1.104617109688732E-004 10.72172545526463014773 4.02802103214561224570
15 2.936190273910189E-004 9.653780905250660E-004 6.927246262585903E-004 1.39359574343282500632 3.28785943848063640307
15 2.938462518363431E-004 1.064040568672053E-003 2.381637156297857E-004 4.46768545686469740853 3.62107926176532483604
15 2.945419556720899E-004 3.452999947787148E-004 1.613865306629167E-004 2.13958372709512383877 1.17232872305340848897
15 2.939690834050668E-004 3.891063801951026E-004 2.425350818867634E-004 1.60433029798456747886 1.32363028005548433157
15 2.945520246816724E-004 5.520022102085999E-004 9.456332016284464E-005 5.83738186495581533789 1.87403977550369407251
15 2.951190908483063E-004 6.518701061766061E-004 2.128601651372208E-005 30.62433526519048416335 2.20883747067272184240
15 2.943619308239216E-004 4.496324288316211E-004 2.301007374335234E-004 1.95406774374863044397 1.52748158558783748982
15 2.950858814969841E-004 2.948307006167892E-005 4.418942865253953E-005 .66719735829814926318 .09991352318216637279
15 2.947542915811188E-004 9.018686868997010E-005 1.664264837871321E-004 .54190214584671314567 .30597304692729107762
15 2.930476920803244E-004 3.200811005579466E-004 1.328496254459625E-004 2.40934891222664223351 1.09224917720973670111
15 2.945963984776420E-004 7.492746926667316E-005 6.639453916450509E-005 1.12851855302476177849 .25433939333226329362
15 2.945760102834275E-004 8.285194786687944E-004 1.609275153331358E-004 5.14840160772803526909 2.81258299978885256755
15 2.933815964216339E-004 3.541027131017525E-004 1.160382768003983E-003 .30516026510015964548 1.20696975345669990720
15 2.940788087280593E-004 6.793134834391654E-004 3.822526478979589E-004 1.77713218515233391664 2.30997087609716379470
15 2.951230988119444E-004 4.855165361156075E-004 5.096199495143176E-005 9.52703159635565006941 1.64513227893755560555
15 2.937997545510185E-004 2.036244884488345E-003 6.205779423980297E-005 32.81207315587003310760 6.93072357259151446776
15 2.938809394444019E-004 1.075602653971286E-003 1.439668285941962E-004 7.47118391419957456228 3.65999460871729908926
15 2.925818131096776E-004 4.792850610272969E-004 1.612075305599265E-004 2.97309349856413694308 1.63812321734308029944
15 2.942617260637185E-004 4.366283382155490E-004 2.238856506515883E-004 1.95022922167991765812 1.48380947823640131085
15 2.925531452194177E-004 9.965315269963254E-004 1.015486881382224E-003 .98133372795510895149 3.40632648556527080605
15 2.947405552526639E-004 1.927543530595063E-004 3.163948706625726E-005 6.09220853220070399079 .65397974464107671642
15 2.942540499382339E-004 1.303485321776415E-003 7.991583251285974E-005 16.31072693344792838671 4.42979568862357613593
15 2.938489030011906E-004 3.235177128537447E-004 2.583828756019789E-004 1.25208650960329720088 1.10096620933253540045
15 2.943966002458417E-004 4.306663092687912E-004 3.983956587221453E-004 1.08100151153793709054 1.46287799828243527951
15 2.948222406637533E-004 1.281000202525057E-003 5.870174001375171E-005 21.82218452510887491314 4.34499174703053063240
15 2.953744061579805E-004 1.717726352001105E-003 5.430116138558896E-005 31.63332621568889923277 5.81542041622381451334
15 2.943527531195524E-004 5.774805960126766E-004 1.077435021345579E-004 5.35977190802167306180 1.96186578821680270318
15 2.942910244232253E-004 2.021144699822923E-005 1.240395021910009E-004 .16294363199802954416 .06867843502139154177
15 2.945747767768155E-004 6.165116739499174E-005 2.476832232039846E-004 .24891135781214239222 .20928868408072063248
15 2.937819542124431E-004 5.986451456925841E-004 8.269535598447301E-005 7.23916281108925280612 2.03771925779922038350
15 2.939392453301282E-004 2.849388368610032E-004 1.255379755347903E-004 2.26974216883112145634 .96938003818096325612
15 2.939690363994300E-004 4.163793395945830E-004 2.236589217414150E-004 1.86167104961716308533 1.41640543063463384232
15 2.950093071313699E-004 8.814570842003751E-005 9.314153602695590E-005 .94636305326258998104 .29878958490209785859
15 2.936937748202542E-004 3.068893500362800E-004 1.505556724309723E-004 2.03837786435436058184 1.04492970688296585825
15 2.950015708599080E-004 1.264972200540278E-004 1.981572098578693E-004 .63836799147888431355 .42880185242843845435
15 2.955025813595419E-004 8.672874030591355E-005 4.034796886802923E-004 .21495193621663404012 .29349571129596849212
15 2.925488344078639E-004 1.363103750455136E-003 1.324027764251221E-004 10.29512965859906789087 4.65940585001522364067
15 2.935619187325391E-004 1.259378080059890E-004 3.075234639651130E-004 .40952259831554191548 .42899913091496548519
17.5 3.028075866526678E-004 7.623093932900502E-004 6.789092216603742E-005 11.22844364119415534231 2.51747124871230200467
17.5 3.027597341013720E-004 3.715218677836638E-004 3.814101187272030E-005 9.74074492369166533032 1.22711782954356939481
17.5 3.016940665422786E-004 6.791114639435483E-004 3.137669122530830E-004 2.16438202188693498935 2.25099376904179000429
17.5 3.023169758900723E-004 7.150539789545372E-004 1.718752991307914E-003 .41603068187849659929 2.36524587099119183612
17.5 3.022549403401117E-004 8.942433969381011E-004 5.323104893992709E-004 1.67992818993156202802 2.95857330216622995351
17.5 3.025752788298422E-004 6.312508394277639E-004 1.694033291668642E-004 3.72631897219667191876 2.08626045679943796583
17.5 3.015182804236384E-004 1.559622215951552E-004 8.133025571280435E-004 .19176408610578246988 .51725627174586423299
17.5 3.023790162283256E-004 5.363195721224374E-004 4.018493622386358E-004 1.33462840188345821888 1.77366663471602772008
17.5 3.024559749438397E-004 4.834154678197837E-004 2.524599642783662E-003 .19148203130012426278 1.59830027464177132858
17.5 3.035719707327403E-004 9.357536835357006E-004 4.268863442524002E-004 2.19204407949491173211 3.08247721710619501265
17.5 3.038434242668821E-004 2.072293318135764E-004 2.794756653905168E-004 .74149329432317769591 .68202671265169681168
17.5 3.031964617696641E-004 8.933850355903599E-005 2.281660680916994E-004 .39155034885875781468 .29465549511229365419
17.5 3.040903549867310E-004 1.089045451112612E-003 1.157240701283852E-005 94.10708160406183006565 3.58132191058849124113
17.5 3.028625172990883E-004 4.861666712462973E-004 9.983306081354069E-005 4.86979631080645879378 1.60523882447357838241
17.5 3.024961976500544E-004 3.920467732074122E-005 9.344492685560596E-004 .04195484831543773420 .12960386816529681939
17.5 3.042768291897740E-004 1.584769016332238E-003 1.020203065591870E-004 15.53385859914894012881 5.20831316847933753366
17.5 3.030724867730744E-004 3.825011135508771E-005 5.689200475932333E-004 .06723284144565035796 .12620779854466793090
17.5 3.024902002044368E-004 7.797098979196969E-004 1.759630034249425E-004 4.43110132666202351919 2.57763688672470401790
17.5 3.029999662624216E-004 7.688506271267567E-004 8.587945305308115E-004 .89526726101939487467 2.53746109813382651894
17.5 3.035972928972497E-004 3.075736488311624E-003 9.038950875500386E-005 34.02758274357094279276 10.13097468346855348284
17.5 3.022137678920517E-004 2.349571180663142E-003 3.184404578085200E-004 7.37836893224149326887 7.77453389053535680338
17.5 3.026326342181709E-004 8.292630899056131E-004 2.283859637721167E-004 3.63097222004873745968 2.74016413348135160086
17.5 3.030294265166665E-004 3.678834388483012E-005 2.127397196132416E-004 .17292654118239373627 .12140188597428763396
17.5 3.022400361940453E-004 1.283206943743292E-003 2.048401633364342E-004 6.26443038729530484797 4.24565507568773114870
17.5 3.030905715674290E-004 2.232358140951608E-003 1.433100559740044E-004 15.57712140839959351690 7.36531700543173128577
17.5 3.032981151088415E-004 2.041133036932944E-004 2.382652020647637E-005 8.56664346805513157740 .67297913678113806043
17.5 3.034782008759268E-004 1.520764447094115E-003 1.405241455640316E-004 10.82208641789008061482 5.01111593091281106256
17.5 3.033122727803334E-004 1.140587860088510E-003 1.338678419457921E-003 .85202528367520484400 3.76044084742509992483
17.5 3.037977490784095E-004 5.821571665169898E-004 7.149130018599142E-005 8.14304908432847825785 1.91626556906034341572
17.5 3.034782008759268E-004 1.520764447094115E-003 1.405241455640316E-004 10.82208641789008061482 5.01111593091281106256
17.5 3.027959429369020E-004 4.806935943712174E-004 1.849326765266056E-006 259.92896625927722325844 1.58751662822439640219
17.5 3.034782008759268E-004 1.520764447094115E-003 1.405241455640316E-004 10.82208641789008061482 5.01111593091281106256
17.5 3.022541170435399E-004 1.178733252638269E-003 3.073212322159594E-004 3.83550867650418259265 3.89980875750477111509
17.5 3.033122727803334E-004 1.140587860088510E-003 1.338678419457921E-003 .85202528367520484400 3.76044084742509992483
17.5 3.019030886496832E-004 4.552856471823892E-004 8.873951093562268E-004 .51305854898465976882 1.50805229989112584379
17.5 3.016432716909097E-004 6.651187741959736E-004 2.205883404562559E-004 3.01520367223521032363 2.20498461798117929534
17.5 3.044973425812882E-004 1.451508160904878E-004 2.288675916822156E-005 6.34213061900134892615 .47668992727494340563
17.5 3.036846453697722E-004 4.886000187862260E-004 1.198031301862657E-004 4.07835770256226066615 1.60890590365969054645
17.5 3.037210468204552E-004 3.115095936742631E-004 9.726442274961308E-004 .32027085019172880658 1.02564375085409244660
17.5 3.013338149707552E-004 2.142411046874133E-003 2.360868686796828E-004 9.07467263577842920865 7.10975980933987280409
17.5 3.037091824788998E-004 6.078107424178844E-005 1.733399627803410E-004 .35064663258761125192 .20012919512570617137
17.5 3.031825683403576E-004 4.376382712010203E-004 1.331391573309985E-005 32.87074065768673259976 1.44348098110218717332
17.5 3.037640587768199E-004 1.576137895630738E-003 3.169398495206667E-005 49.72987454920725455084 5.18869119005534034777
17.5 3.018170881401726E-004 5.311075845825785E-005 1.289220773252779E-004 .41196015112490250338 .17597001808456807801
17.5 3.036425062720823E-004 1.564683694786922E-003 5.568371223434721E-004 2.80994860436367073236 5.15304564567409244317
17.5 3.031910397222298E-004 4.155520406723746E-004 5.856248394616857E-004 .70958745714125731975 1.37059472817232650332
17.5 3.033294532104905E-004 1.037273265342759E-003 9.377709548127334E-004 1.10610513155623970805 3.41962593597186959264
17.5 3.045296364162295E-004 9.812677600403108E-005 1.470364342778059E-004 .66736368088628640166 .32222406055058602043
17.5 3.040064686186949E-004 2.321280834774364E-004 3.399825930822367E-004 .68276461266147261656 .76356297460428993827
17.5 3.021886467999447E-004 1.736568477275583E-003 3.377034207226965E-004 5.14228867909975258652 5.74663706153470484725
20 3.122864613322301E-004 7.267954867779491E-004 2.671737077402777E-004 2.72031066576533961503 2.32733588154094860789
20 3.124778643182195E-004 9.928586878688191E-004 1.244966368569076E-003 .79749840070778675052 3.17737286778725898708
20 3.126209520153879E-004 9.280016475134320E-004 4.245325864680957E-005 21.85937374640551419205 2.96845634155625529110
20 3.119844571853656E-004 8.918715570528696E-005 3.146220859267249E-004 .28347391901170771515 .28587050941546232702
20 3.135167932530479E-004 3.972704744796776E-005 1.012374561942396E-005 3.92414516735241956644 .12671425678911873603
20 3.128161551450107E-004 9.051763357474107E-004 1.211298375917100E-003 .74727775892713656722 2.89363679228076441002
20 3.143787062882296E-004 3.511366698483335E-004 2.230337522647047E-004 1.57436561185408172223 1.11692256130860007077
20 3.128524740392854E-004 4.838405916052333E-005 4.082194645016342E-004 .11852462552120573137 .15465455182703034680
20 3.132335418151900E-004 3.575319650570707E-005 4.309603883010170E-004 .08296167693429446906 .11414229874143462014
20 3.118839590759351E-004 3.219648532407384E-004 1.118876362602884E-004 2.87757310818274415761 1.03232257982959900053
20 3.114788730467138E-004 1.438086601351264E-004 1.421968014660607E-003 .10113354073540846542 .46169635432563931500
20 3.118621337426726E-004 6.486711093784209E-004 3.104179923919204E-004 2.08966981707502530788 2.07999317388644603917
20 3.122084122720262E-004 9.783299635262250E-004 2.570056318876408E-005 38.06647956858536544110 3.13357976617814257935
20 3.122556189158066E-004 7.954522232744010E-004 8.338079892843957E-004 .95399928220535160444 2.54743926157779909390
20 3.113832149832180E-004 8.220664330681367E-005 5.344878577864853E-004 .15380451044718249503 .26400473548724903964
20 3.134910371149245E-004 1.930766077308247E-005 5.413197620237972E-006 3.56677552301031352865 .06158919550227639363
20 3.117009615479892E-004 5.078937585089764E-004 2.568213313392389E-005 19.77615160938841206222 1.62942634500272958973
20 3.120777453876258E-004 4.639909624973823E-004 4.187241518555662E-004 1.10810651939043233264 1.48678003912476359988
20 3.132673857463468E-004 3.295880984961475E-004 2.226461134923543E-004 1.48032271179737257510 1.05209834630859278870
20 3.135240039471502E-004 1.297684519885722E-004 1.315672572329331E-005 9.86327865441656146151 .41390276455657563727
20 3.109564925512971E-004 2.029016041096988E-004 9.414934858256323E-005 2.15510364292926023014 .65250801629821905402
20 3.132778161600044E-004 9.345606848697788E-005 3.608370764549006E-005 2.58997964968432319125 .29831690488817076860
20 3.126400038832600E-004 6.042787063461341E-004 1.256611401502413E-003 .48087953493311809464 1.93282593027273694347
20 3.134279682004263E-004 2.555148456847624E-004 3.994156191617094E-005 6.39721716995031646415 .81522669196314200801
20 3.132269032972380E-004 2.390015264987771E-004 2.568584992892858E-004 .93047933846877552682 .76303000790444742388
20 3.132108698807627E-004 1.624164483846237E-004 8.673838331914155E-005 1.87248646065993031701 .51855303887267566499
20 3.122603842601871E-004 8.012642273437706E-004 2.051090634728130E-004 3.90652764815523311660 2.56601307028472462481
20 3.124365493374984E-004 1.184811608521072E-003 1.660648951595121E-004 7.13463015397090493699 3.79216711691826318792
20 3.126930420493658E-004 7.816988764911012E-005 1.050268817263331E-004 .74428457138046020796 .24998921350085302660
20 3.124367208337262E-004 6.133215344248514E-004 1.357972959189230E-003 .45164488016832936017 1.96302640991822232277
20 3.125780923064409E-004 3.967988349661214E-004 1.077839320646543E-003 .36814284593746424092 1.26943904493829131369
20 3.137391188590783E-004 9.344530433196493E-004 7.374474651525356E-005 12.67145237425644335114 2.97843968810078823544
20 3.114903529486567E-004 3.482671856503709E-004 3.178237788693508E-004 1.09578706442079843036 1.11806732489007826859
20 3.122697707931247E-004 2.518480559245740E-004 1.699738396612246E-004 1.48168716095684583361 .80650796036040445378
20 3.125365742859928E-004 1.126540135937934E-003 4.985567145402590E-004 2.25960277553731482611 3.60450657178788640882
20 3.128483429035262E-004 8.001623774208867E-005 6.621705869136022E-005 1.20839311385072017185 .25576685815070297725
20 3.110573876418735E-004 3.447881362952213E-004 2.900134254968035E-004 1.18886956941592182110 1.10843898905298682573
20 3.118277618226214E-004 9.131075966606338E-005 2.692197424638611E-004 .33916814134951690455 .29282434358107009122
20 3.137657337426668E-004 1.664704919028132E-004 3.256510865422492E-005 5.11192803532119377728 .53055663509560619098
20 3.119503359008564E-004 6.101530846708649E-004 1.597043561805385E-004 3.82051622925748268722 1.95593020571320321303
20 3.132826847859092E-004 1.247855192883540E-003 6.722009155642525E-005 18.56372349383185919837 3.98316042821293491724
20 3.111723512279220E-004 2.320239995636381E-004 6.250631922039680E-004 .37120086810026881463 .74564465206514855046
20 3.128939371926844E-004 5.519705891918170E-005 1.181338418685683E-004 .46724171538069567705 .17640820852719364193
20 3.112809697538850E-004 1.831153515900359E-004 9.664882918808625E-005 1.89464635141807018360 .58826388177477237128
20 3.139646003072015E-004 1.491154657789898E-004 1.602016764918406E-004 .93079841013139807277 .47494356253248431566
20 3.139702713872537E-004 2.763869490361847E-005 4.409217042028199E-005 .62683906553406875024 .08802965574256124429
20 3.105072116110436E-004 1.223922665985755E-003 1.512581884063599E-004 8.09161261866794348640 3.94168837379178142822
20 3.126015059942925E-004 5.843551163933271E-004 5.039534811307101E-004 1.15954177969407314803 1.86932917848449615686
20 3.126461241983397E-004 1.217876235594154E-003 1.722731850124288E-005 70.69447491240666683099 3.89538248304509608098
20 3.135123209926809E-004 5.235772783578290E-005 1.148903820239166E-005 4.55718981114395210351 .16700373264438693948
30 3.573126852603561E-004 7.393662409422098E-005 1.568204561917410E-006 47.14730838674532321610 .20692415115446297410
30 3.562377576724341E-004 1.827610163079757E-004 5.906008677336659E-004 .30944928511414344356 .51303100912741305831
30 3.572228607901516E-004 3.634091373701374E-004 1.906376341462874E-005 19.06282245882637877176 1.01731769508340590387
30 3.562564035225413E-004 1.817337465504855E-005 5.800226778500694E-005 .31332179497550960363 .05101206455619168049
30 3.570246795225674E-004 3.432732502212187E-004 5.375473221027907E-004 .63859168506019906035 .96148325286717475462
30 3.585535102028306E-004 2.139405287078052E-004 4.485455114177438E-005 4.76965042034622013803 .59667670966819124144
30 3.559267921655226E-004 1.666304027966110E-004 4.383209375544850E-005 3.80156156186123761952 .46815920145488814947
30 3.561216779111839E-004 2.389031906791628E-004 6.812142748430602E-005 3.50701973669300893037 .67084708822119169637
30 3.571979046179475E-004 4.281905199475222E-004 1.528778299900990E-004 2.80086733292363966353 1.19874868920495805702
30 3.556585701899191E-004 8.746577218812719E-005 2.974738595604388E-004 .29402843099346840075 .24592623240154483350
30 3.553297830868340E-004 4.541202321640330E-004 5.270604386378399E-003 .08616094073341625800 1.27802467954974943650
30 3.563939728364164E-004 5.650293410299281E-004 3.034968577997729E-004 1.86173044797286497305 1.58540655593318524464
30 3.574212497439686E-004 5.110097115804947E-005 1.364312942758861E-005 3.74554616880750669357 .14297127323754422896
30 3.558429693396163E-004 1.195655023235383E-003 2.355549673363858E-004 5.07590664190035985757 3.36006364114573981769
30 3.574959981392478E-004 3.044676564602907E-004 8.405022597387425E-005 3.62244899323566240958 .85166731388612048241
30 3.547888332774037E-004 2.795011396271910E-004 9.365901103492819E-004 .29842418421753015727 .78779576303252346302
30 3.564477653523311E-004 8.221165551806137E-006 6.747466979269459E-005 .12184076746228444323 .02306415231325664742
30 3.604028884965301E-004 1.008252168536231E-004 6.015052755058120E-005 1.67621500524393794512 .27975696108937769703
30 3.585087486978079E-004 4.302444951799229E-004 3.958428699182574E-005 10.86907275275084597683 1.20009482820900997407
30 3.553545898070497E-004 2.383248506171168E-004 5.137546239170846E-005 4.63888478122155643544 .67066771459606680958
30 3.572424881007518E-004 1.812427437901360E-004 1.637383513834451E-004 1.10690465769805409142 .50733815217136425261
30 3.568378816116287E-004 1.503345790374875E-004 7.171848239128776E-006 20.96176243904319094874 .42129657971993847993
30 3.561975256708992E-004 1.243908490027133E-003 2.254767222483654E-005 55.16793386134788689784 3.49218734095422843464
30 3.588965832354416E-004 1.735202100750285E-004 1.281973187889205E-004 1.35354008737681218492 .48348247985742625855
30 3.570445775073245E-004 1.899575912270770E-003 1.445170189811209E-004 13.14430594862272011322 5.32027660392574267288
30 3.565883384366045E-004 7.804280329312111E-004 4.646477577931458E-005 16.79612178993115756292 2.18859662195587553446
30 3.576740796426798E-004 5.673076892555877E-004 1.661055238570762E-004 3.41534511365029498931 1.58610232483811547074
30 3.576664552412733E-004 1.928355946241410E-003 8.161768585286692E-004 2.36266922553731552955 5.39149231912337671208
30 3.576287555141699E-004 4.007659615768144E-004 3.774499319543979E-005 10.61772509804647298676 1.12062007150578618851
30 3.566749834204860E-004 2.568504233738076E-004 5.324960180275326E-005 4.82351819878824333826 .72012458207926877501
30 3.559961602074566E-004 2.003090965344356E-003 3.719634811324576E-004 5.38518179055069049765 5.62672070445101332976
30 3.570874776366113E-004 4.792911813384606E-004 1.946840850002978E-003 .24618919483722947799 1.34222343642699627140
30 3.555050180411613E-004 4.734281052961987E-004 8.905432698945135E-004 .53161718391547345708 1.33170583049655843901
30 3.569546977071976E-004 6.591832255693185E-004 9.827536202985066E-004 .67075125642284057218 1.84668595147620827402
30 3.573179535440116E-004 4.532493781500639E-005 2.614904122040719E-004 .17333307723586430999 .12684763630110632705
30 3.598509111847776E-004 6.664462809804077E-004 4.699472136312766E-004 1.41813008280394964906 1.85200665127174947125
30 3.574421042898724E-004 2.741478046135416E-004 2.350013712111888E-004 1.16657959568743560684 .76697121386465936174
30 3.593751310345683E-004 4.451386287151813E-004 3.932889845805757E-005 11.31835993804659490822 1.23864616740094741750
30 3.597733305435153E-004 1.918203966111358E-004 1.348753905965310E-004 1.42220456795525623223 .53317013887980432572
30 3.565119910980740E-004 5.789405671778207E-004 7.472809856719126E-004 .77472942344072924430 1.62390208922470191613
30 3.550255416692894E-004 8.658454807939152E-004 1.368077022357356E-004 6.32892349366384812798 2.43882588481608675823
30 3.563912128450610E-004 4.482252889473763E-004 4.419565353648680E-004 1.01418409522405405215 1.25767772266102315118
30 3.583084195023656E-004 1.373508447437792E-004 2.647143667964706E-006 51.88643382147205435088 .38333133487216978833
30 3.555488044555291E-004 1.413070411426161E-004 3.989904860905448E-005 3.54161430081189013979 .39743359947168752147
30 3.575716325471830E-004 4.980793257955535E-004 1.177266606372858E-003 .42308116368825661183 1.39294977693687697855
30 3.561313099912270E-004 9.053411467899041E-004 1.526797717023707E-004 5.92967317605601727397 2.54215543927380726414
30 3.594505663956340E-004 9.877330872737982E-004 4.571002456935066E-004 2.16086754837600730989 2.74789687265824688862
30 3.559853883243953E-004 6.790033074142752E-005 1.622813330999706E-003 .04184112210835654103 .19073909482923117650
30 3.582976455690880E-004 7.514439291555685E-004 1.390184577717099E-005 54.05353657350718326712 2.09726169973023973915
30 3.585587782166322E-004 1.604266744199849E-005 4.484416125780043E-005 .35774261335321426680 .04474208530548348094
40 4.149893521500541E-004 6.054520071243782E-004 2.651272241540529E-005 22.83628205500988659017 1.45895793226389958202
40 4.194345843674743E-004 1.349358484892212E-004 2.412395349827570E-005 5.59343842620431041198 .32170892319885915426
40 4.152152962250939E-004 1.011790315391522E-004 8.258474772125378E-005 1.22515397008487860348 .24367847827143068684
40 4.166983347046314E-004 2.193141935600618E-004 2.914267970691224E-004 .75255328530424575469 .52631406294320433973
40 4.170729422746956E-004 3.397611632615440E-005 4.333630695488603E-005 .78401042251994898137 .08146324750977684941
40 4.188725429405006E-004 1.186728334580893E-003 1.082114187964842E-005 109.66757000135090403796 2.83314902010529648587
40 4.153167478512857E-004 2.800628447002917E-004 6.153068095873973E-004 .45515967048713764272 .67433554305056592191
40 4.149737630088614E-004 1.857622866600295E-004 2.932560193948786E-003 .06334474806121358609 .44764826892456502034
40 4.136344796476740E-004 3.923701906215213E-004 1.873249684929261E-004 2.09459632518949690865 .94859159457822467351
40 4.175528743113123E-004 4.325242246365099E-004 2.231867669593045E-004 1.93794744432753775326 1.03585498088090157280
40 4.152559127913469E-004 4.971188707676470E-007 3.924073568989799E-004 .00126684391112375780 .00119713857275628167
40 4.167303103569969E-004 5.965618484795899E-004 1.791861594688273E-004 3.32928531002626188985 1.43152977754015110434
40 4.161397752568641E-004 8.078183813755967E-005 6.061442149473140E-004 .13327164748174858027 .19412188630057467201
40 4.163622254929275E-004 6.920548846260192E-005 1.908453710690352E-004 .36262597345139675092 .16621461848675192291
40 4.167362906008585E-004 1.602056335706507E-005 1.191380062602722E-005 1.34470635021926604910 .03844292834196491440
40 4.144073979377403E-004 2.987762264519570E-005 6.511804388692543E-003 .00458822483935126415 .07209722315257617935
40 4.175790065719582E-004 1.209931911814301E-003 5.238060446048751E-005 23.09885355994687347105 2.89749219374562278725
40 4.169326872531013E-004 8.452659398578762E-005 4.732370544273824E-004 .17861364234900188703 .20273438991478085372
40 4.150292081160592E-004 2.533444869839079E-006 5.682263824041179E-004 .00445851327620565315 .00610425680963305801
40 4.178584119679531E-004 4.171252455148397E-005 1.073816935255252E-004 .38845098435301433325 .09982454189454737388
40 4.165582445382648E-004 4.070188922558503E-005 4.902678388612452E-006 8.30197006602026541763 .09770995955367816022
40 4.193612998269485E-004 1.027913652428446E-004 3.934217951258626E-005 2.61275217886593755593 .24511409442230830959
40 4.154030744526784E-004 2.829023422262718E-004 1.197289404244167E-004 2.36285680991943894401 .68103093025735242426
40 4.161171458831224E-004 8.461769063802464E-004 6.323596817488464E-006 133.81259602763891696486 2.03350646507105899265
40 4.163645419026973E-004 4.837743863671491E-004 7.908246444707692E-005 6.11734080051207327476 1.16190102105333745369
40 4.164065109903703E-004 7.476811531658132E-004 1.325513922274428E-004 5.64068879701300417938 1.79555586531907966327
40 4.140378652483043E-004 1.137266039886937E-003 8.002597798944650E-005 14.21121076504575817628 2.74676819523475865189
40 4.169424040744141E-004 8.484246210753946E-004 8.754394195018056E-005 9.69141441629639477541 2.03487247347470898227
40 4.140329245632400E-004 1.133821572686020E-004 4.253876620351334E-004 .26653842456586716639 .27384816651527876727
40 4.171369070673722E-004 6.283024421361538E-004 1.052426286254475E-004 5.97003752511965735982 1.50622596919882719166
40 4.178825946409099E-004 1.384552684692919E-005 4.580096513134077E-005 .30229770938724055442 .03313257605004288356
40 4.220555630531554E-004 2.508065914425608E-005 2.239695001168356E-006 11.19824758780664663303 .05942501731957344069
40 4.175397807630462E-004 1.217750227074710E-003 1.559544855833672E-004 7.80836936186582533232 2.91648911835249341008
40 4.145543497005228E-004 3.409015748288680E-004 7.078303965852760E-005 4.81614771664864238041 .82233264486342473056
40 4.152510624347235E-004 7.785953573827262E-004 3.405611483419300E-004 2.28621309616034462049 1.87499907361494006298
40 4.152510624347235E-004 7.785953573827262E-004 3.405611483419300E-004 2.28621309616034462049 1.87499907361494006298
40 4.157647883239231E-004 3.047317863376083E-004 2.946751930205507E-004 1.03412772284620596280 .73294274766768178803
40 4.154720490015796E-004 1.966366142442501E-004 1.852293480713252E-004 1.06158455067569729612 .47328482076420620848
40 4.175437312356077E-004 4.739482178968789E-004 4.177158412008787E-005 11.34618731562440707648 1.13508641716247872477
40 4.166848141558946E-004 5.961407951845922E-004 3.273865711293445E-004 1.82090790446339895093 1.43067559683506392460
40 4.168014424837632E-004 5.593738161729891E-004 6.964090689589360E-004 .80322592152511553413 1.34206305246839425074
40 4.147632369239523E-004 5.026381186054981E-004 8.360523705242817E-005 6.01204106735918694750 1.21186757614599734129
40 4.204467855898866E-004 9.200775708503104E-006 1.449483827083342E-005 .63476221925269377091 .02188332988583660340
40 4.171400802841860E-004 1.874298559692305E-004 8.020424006351007E-005 2.33690707400024447768 .44932113893620512996
40 4.164814998825706E-004 1.078027931300462E-003 1.252520293415199E-004 8.60686998021440934137 2.58841732851139436886
40 4.164296811366580E-004 9.208769250939304E-004 1.264704460052286E-004 7.28136061966492217370 2.21136236634326274581
40 4.192552240054865E-004 1.033231735313241E-003 4.620558159639698E-004 2.23616216832515829680 2.46444570312550194639
40 4.179543106904433E-004 6.383251177776188E-004 2.384640465306329E-004 2.67681911409492108807 1.52726051975186475953
40 4.160226160388279E-004 1.965993005707564E-004 1.781980133051995E-005 11.03263144881649380757 .47256878109820728261
40 4.164697625192122E-004 2.151594155171778E-003 7.082361915797939E-005 30.37961319616306586697 5.16626739515698366589
50 4.997300024340609E-004 1.589130819510671E-004 1.921834949359368E-004 .82688204834676260851 .31799788120993514710
50 4.990804546696675E-004 1.058020259813759E-004 4.121336600784571E-005 2.56717750162009503916 .21199392801588349963
50 5.005798497118760E-004 9.150976795113777E-006 2.098042098960083E-004 .04361674534390682387 .01828075341103101492
50 5.009036415458630E-004 3.769352142068500E-005 4.780367892094152E-004 .07885067064194607632 .07525104290389504269
50 4.983809306534993E-004 3.838984728073541E-004 3.009617272809860E-004 1.27557240010433656763 .77029125553413390779
50 5.025663380935592E-004 1.012670534581528E-004 9.303536617263793E-005 1.08847911954514176849 .20149987331483517117
50 4.959150641870787E-004 1.603807056747485E-003 1.741665270404615E-003 .92084689521017809208 3.23403577057394205772
50 5.053608570343708E-004 2.667222958821223E-004 2.297282597304684E-004 1.16103389367532589598 .52778582307964916054
50 5.046500209918438E-004 1.771976388315728E-004 1.314099446647361E-005 13.48434011471917483708 .35112975618886714465
50 4.953272267376344E-004 1.336311245922589E-003 3.986255370148842E-004 3.35229713562654351212 2.69783523656455121644
50 4.995811923444379E-004 2.475490145403497E-004 1.897483586835253E-004 1.30461742203118661622 .49551307842204799384
50 5.053776600161879E-004 1.028868133888207E-003 8.159831312411004E-004 1.26089387696447977416 2.03584015537064108284
50 5.059069873105089E-004 4.716927208683246E-005 4.166807431491665E-005 1.13202428627584668413 .09323704410091795786
50 5.009131332936819E-004 7.872512774377594E-005 1.050737075741055E-006 74.92371741832153320292 .15716323352540238342
50 4.995720624224851E-004 4.250553353026262E-004 1.993768130611369E-004 2.13191959875638720678 .85083888246568810258
50 5.021940634733293E-004 2.513277010440369E-004 9.518441956771927E-005 2.64042899232293974491 .50045932304690515416
50 5.022200736300332E-004 2.963365503688003E-003 2.934735844429435E-003 1.00975544675099510241 5.90053177737177399239
50 5.027594830642952E-004 1.591738072786194E-004 3.568523687659246E-006 44.60494624964332911106 .31660030818009159235
50 4.968186970839698E-004 4.241683333597123E-005 1.450677016981197E-005 2.92393364197904137904 .08537688614565596742
50 5.024461743786462E-004 4.902034321787274E-005 8.908173316521910E-004 .05502850188933251268 .09756337239206590074
50 5.010302542622454E-004 1.931058303225627E-004 5.375799951459199E-004 .35921320001899688580 .38541750459142679304
50 4.965242701065900E-004 1.345712125536164E-004 1.727990565706699E-005 7.78772843002071606000 .27102645460760194099
50 4.964902302625753E-004 1.058540665657298E-004 2.202674399413211E-004 .48057064899800513891 .21320473216511733471
50 5.028180518662456E-004 1.851209383960333E-004 9.131094047212754E-004 .20273686530754882728 .36816685023328724115
50 5.013125496492302E-004 2.839071092007623E-004 5.632146259339152E-005 5.04083338975778918496 .56632755234117498608
50 5.002728715639514E-004 2.750464138624335E-004 3.888124513439553E-004 .70740124939856694826 .54979278209226958227
50 4.981201174955284E-004 1.029457012213546E-003 7.506836160014760E-004 1.37135937200409323115 2.06668427163612275785
50 4.981201174955284E-004 1.029457012213546E-003 7.506836160014760E-004 1.37135937200409323115 2.06668427163612275785
50 5.000888976712911E-004 2.767867152975447E-004 6.939572655392333E-005 3.98852680189852977542 .55347502531335312056
50 4.969328259517086E-004 1.838247517826120E-004 4.621976977927151E-005 3.97718882332151119351 .36991871372263882718
50 5.017951766613020E-004 2.178358608866755E-004 5.145730355203472E-005 4.23333221622068174369 .43411310235392864196
50 5.013688401847441E-004 2.534716819633870E-004 2.915917961658595E-004 .86926890706901264707 .50555930414420629203
50 4.962482752392505E-004 4.502033905320910E-004 2.902675744195537E-004 1.55099442792519962661 .90721401563570088611
50 5.010509008973881E-004 7.485821397919263E-006 2.027183233595917E-004 .03692720654876640342 .01494024136971326702
50 4.989758672503193E-004 4.129388141100672E-006 1.545273102451539E-004 .02672270768545374919 .00827572716864299925
50 4.958570876747916E-004 2.950083397012648E-005 1.524318442477905E-004 .19353458665874597701 .05949463001217526900
50 4.957086200165404E-004 2.604616304662859E-004 1.114843643133045E-004 2.33630636969244046633 .52543292561181411216
50 5.002476202985388E-004 1.511020928569623E-003 2.364091056167386E-004 6.39155130944599867921 3.02054596015443878315
50 5.045900656168686E-004 1.453111938101847E-004 1.714364528379854E-004 .84760966179993143180 .28797870531307365162
50 4.968522846300964E-004 1.842511191142611E-005 2.868331244447737E-006 6.42363462974921876464 .03708368157176432692
50 4.981442808823336E-004 1.994168857810985E-004 2.116846127365889E-004 .94204714836427046118 .40031953278251659436
50 4.993964645375667E-004 2.847111338709967E-004 7.605576091026606E-005 3.74345257299984742218 .57011043146778131116
50 5.021628118191354E-004 1.000502934569298E-004 4.119397863567031E-005 2.42876014336462205111 .19923875504537567735
50 5.004580066133259E-004 1.030085157723469E-004 2.052396433808131E-003 .05018938547910997159 .20582848992550027498
50 4.994459473206890E-004 3.787591546003792E-005 1.461564870677752E-005 2.59146317894697527010 .07583586504851183079
50 5.066092483922367E-004 5.038783171223458E-004 8.228413050923310E-005 6.12363907844667117221 .99460939317914601872
50 4.976379431743769E-004 5.809090124905178E-004 5.606797922282283E-004 1.03607980979998484829 1.16733263702716083585
50 5.022254515318277E-004 2.622977703351524E-004 3.861118090175782E-004 .67933112691513400872 .52227096323996179724
50 5.045469269580206E-004 6.387377821326061E-005 1.753446705939230E-005 3.64275560796395899032 .12659630809440059686
50 4.918956249959625E-004 1.637301248615691E-003 7.638896885538421E-004 2.14337393624902589084 3.32855420014994042198
60 6.213227471849238E-004 1.050524227768026E-003 2.618001140586276E-003 .40126958368428031836 1.69078668458175618878
60 6.144091708071871E-004 1.411337390896391E-004 2.224770233259510E-004 .63437444900934382770 .22970643309933513917
60 6.252349186267281E-004 1.724667938147954E-003 3.855581465328090E-004 4.47317208482636404900 2.75843188978637182054
60 6.278287277625751E-004 1.937246206138672E-004 1.478979662740882E-004 1.30985317441655621660 .30856284850846727015
60 6.232862749668687E-004 9.956436038990990E-004 4.622110432489753E-004 2.15408874028737584631 1.59740980009871589633
60 6.190881318692299E-004 1.200431552495236E-003 3.800459567163146E-004 3.15864839838645733667 1.93903176413791013796
60 6.216902662815577E-004 2.642819718051335E-003 1.247013589841093E-003 2.11931909931158780724 4.25102315636775097496
60 6.263099769080860E-004 1.762456035997066E-004 1.194676105940183E-005 14.75258463138051189490 .28140315514336998914
60 6.314248745893212E-004 3.000671110316271E-004 4.717150326924252E-003 .06361194582223149439 .47522218890535596696
60 6.209688909490739E-004 9.993451228462221E-004 9.763656288887127E-004 1.02353574652526879321 1.60933202518220691936
60 6.236341500263561E-004 3.170131291211108E-005 5.300754855168302E-005 .59805280150244837485 .05083318947618778634
60 6.291479896169055E-004 2.053663270323646E-005 1.009715785883732E-004 .20339023109619123592 .03264197461036380477
60 6.270935167570308E-004 1.189140715775188E-005 1.514186463253466E-004 .07853330779487577323 .01896273337228463192
60 6.266575437052317E-004 1.707220607333237E-003 1.080883231471385E-003 1.57946812164828507685 2.72432786373075641619
60 6.240937065020393E-004 3.059195771378004E-004 6.308466636534819E-005 4.84934921215401921382 .49018212161189414525
60 6.259654455366329E-004 3.246963820313911E-004 4.449529846182565E-005 7.29731889111748526445 .51871294868845782066
60 6.237033824213214E-004 9.378260494240590E-004 3.106892356402400E-004 3.01853409079806943973 1.50364111508143597062
60 6.230632079771054E-004 1.548783176860103E-004 4.910047738889530E-005 3.15431388699772620583 .24857561111472552105
60 6.224530935832196E-004 1.078881345353266E-003 8.985053830902483E-004 1.20075112031343306116 1.73327332850507182339
60 6.313811412024941E-004 4.997249688645643E-004 1.451386874759951E-004 3.44308590324833434089 .79147908648778354105
60 6.183058715507476E-004 2.870309002930730E-004 2.895993592494099E-004 .99113099226809793571 .46422153419501349708
60 6.277489395980620E-004 1.398533207240251E-003 2.079013400245738E-004 6.72690809532514463758 2.22785435230796299338
60 6.181622785174961E-004 4.882237509311522E-005 4.269673799370994E-004 .11434685033856147393 .07897986789197681581
60 6.338889076993943E-004 5.899062352174514E-005 3.623769379316599E-005 1.62788018074345805731 .09306145415265720909
60 6.245740027943176E-004 2.277784443271710E-004 1.861260854388066E-004 1.22378571380881810196 .36469408478114667001
60 6.256883905160814E-004 1.322426364497145E-004 5.731335741162411E-005 2.30736153703139149345 .21135542620606704200
60 6.229258896080094E-004 1.943617891764597E-003 1.002370789268179E-003 1.93902088186709151888 3.12014306065792794457
60 6.205364656258791E-004 4.480616780043564E-004 4.532573138767523E-005 9.88537116306062136593 .72205535504257117949
60 6.312758647827662E-004 1.519872176372869E-006 3.331299936763256E-006 .45623996794764590193 .00240761964960576524
60 6.222746849752301E-004 1.856831696139036E-004 6.628959658176138E-005 2.80109065658413779019 .29839422058651605762
60 6.221386095718469E-004 2.325479491496185E-004 1.173125935869042E-003 .19822931369883055288 .37378800410676487784
60 6.240592228987221E-004 5.216048832776140E-004 1.356103935834660E-004 3.84634886378804472486 .83582593468419053463
60 6.259014822990002E-004 2.420367385325923E-003 8.257944532610986E-003 .29309562152758301895 3.86701015060016456642
60 6.338478443282994E-004 6.482446577651647E-007 1.373016351055280E-005 .04721317828931379966 .00102271335868013746
60 6.283162076445870E-004 2.119086624129107E-003 4.025431607041059E-004 5.26424699508624027222 3.37264358032888493116
60 6.221092303643497E-004 9.973601790682564E-004 4.963970763724430E-005 20.09198334439714839751 1.60319141782245231737
60 6.286166042242540E-004 2.128982879028720E-004 4.115053968297594E-005 5.17364509780532585733 .33867748079228626328
60 6.164228620425314E-004 3.737421210159795E-004 1.884425577101045E-004 1.98332120704355644002 .60630801358920456676
60 6.271551893582208E-004 3.115066092073056E-004 2.915674019290265E-005 10.68386270709140224750 .49669781019603126184
60 6.273659088383694E-004 6.415644669825116E-004 2.477863975650988E-004 2.58918356006188296619 1.02263202055469071887
60 6.252821029142897E-004 3.753197683471787E-006 1.252321002427927E-004 .02996993323752695187 .00600240701913428682
60 6.205905241396935E-004 2.224702429999228E-003 5.365147955038763E-005 41.46581694750586995464 3.58481533871834078871
60 6.218608373238766E-004 1.635958702073634E-004 1.884186748083548E-004 .86825719570398594471 .26307472731581527744
60 6.265453686856475E-004 1.108465429701254E-003 6.565748810984684E-004 1.68825439658422493134 1.76917025502329918680
60 6.271751799957483E-004 1.567634885531256E-003 1.757210699704669E-004 8.92115490643623647390 2.49951677861659512018
60 6.252548708503878E-004 4.528392689032088E-005 1.075208560185965E-005 4.21164121707594119327 .07242474869285185622
60 6.205727460251246E-004 9.888634936059621E-004 9.371511072022657E-007 1055.18041434970135439815 1.59346909760346908033
60 6.232218231811496E-004 7.207851329631473E-004 7.232428130517538E-004 .99660186033755909115 1.15654668394633435488
60 6.272721880056890E-004 2.142700545074944E-003 7.844071726366834E-005 27.31617736070072970085 3.41590235633962290624
60 6.283275540822370E-004 1.302173026200639E-003 2.968824474273658E-005 43.86157004176624504123 2.07244297618405496023
70 8.271712603756269E-004 7.118055335072338E-004 2.915964388101300E-004 2.44106387722628738401 .86052981722792889636
70 8.381975251036449E-004 5.578155806403627E-004 2.451651357578412E-004 2.27526470644397852309 .66549418715044239903
70 8.454732419881103E-004 1.712467915651261E-003 7.520465229552059E-004 2.27707710012677050742 2.02545489390584764485
70 8.524871874231432E-004 1.334357580926986E-003 1.075051338537208E-003 1.24120359009329608571 1.56525235876027320057
70 8.339152340230382E-004 1.686629789612357E-003 7.446049894110126E-004 2.26513361258362256896 2.02254344422464554667
70 8.291942494616665E-004 8.655122475447042E-005 2.348968472098573E-004 .36846482097371612453 .10437991436947569840
70 8.365711413838752E-004 1.974379889264865E-003 8.210342504155194E-004 2.40474729070759940722 2.36008606034245985491
70 8.331033259393668E-004 1.487502134264298E-003 4.188139742883943E-004 3.55170129361540260263 1.78549537368256563423
70 8.357244969663990E-004 3.911834507098786E-005 1.478977329046994E-004 .26449590742675196160 .04680770422906562911
70 8.187335276249621E-004 9.353893257227395E-004 8.369642290499296E-004 1.11759773387751114054 1.14248323069922453649
70 8.393019178376670E-004 9.127144898425484E-004 6.906063386967601E-004 1.32161325302186991753 1.08746860985855681297
70 8.240384467821644E-004 6.899027567893197E-004 3.263531506965098E-004 2.11397608791860791844 .83722156348816132557
70 8.400265275446327E-004 5.639474005009734E-005 9.004486325519804E-005 .62629602635152903298 .06713447516346553366
70 8.405871868641734E-004 6.036528186039336E-004 6.449400389649008E-004 .93598285442592260798 .71813231041014555706
70 8.423871459459080E-004 2.738683511156146E-005 1.350944176640438E-004 .20272366234752742524 .03251098410435626964
70 8.280125745078470E-004 1.955473529224064E-003 5.757142125821092E-003 .33966045765201106886 2.36164714091009514600
70 8.500915937339646E-004 1.369585871569833E-003 9.255435764703364E-004 1.47976379112575270646 1.61110388770465087931
70 8.273527851847591E-004 4.638805992363213E-005 8.084080880896062E-005 .57381983934938499119 .05606805313802508921
70 8.232988572827413E-004 1.942978037773169E-004 9.129160620530197E-004 .21283205746251029173 .23599911752408785709
70 8.280618702614255E-004 3.598995163925056E-004 2.017925797299219E-005 17.83512143381055790115 .43462877511662571197
70 8.329945495355579E-004 4.151896790160781E-004 3.262311492845496E-004 1.27268557869664348837 .49843024692967089711
70 8.351442204688375E-004 2.628473431312430E-003 3.640610598060312E-003 .72198697457862136388 3.14732876896022132354
70 8.217985595513103E-004 2.266308187257683E-003 9.991868620202737E-004 2.26815250820591669918 2.75774173721483925786
70 8.318495403720351E-004 6.239655950404724E-004 3.568389341403368E-004 1.74859169037614218875 .75009429561193361208
70 8.311530930363840E-004 5.433859130898756E-004 8.767452534473753E-004 .61977628159750412710 .65377355584970277304
70 8.419359375401661E-004 3.513938741440891E-004 6.617352762964598E-005 5.31018802731416379782 .41736414669592983129
70 8.259741168903849E-004 1.515982419685762E-004 8.815589181052610E-006 17.19660919481219259759 .18353873186645486186
70 8.336118955002332E-004 4.021202106734670E-004 1.761084722439696E-004 2.28336664073943560197 .48238300442217538903
70 8.253119082671017E-004 8.052612689918990E-004 3.404701194561474E-004 2.36514520063666487603 .97570537990018488177
70 8.319796523629710E-004 1.880756853673071E-004 3.478373996933393E-004 .54070000963990227458 .22605803499296950231
70 8.323129162964687E-004 1.394487293023851E-004 3.497188905920766E-004 .39874520094209780077 .16754363241518368688
70 8.308549141866070E-004 9.925425076788242E-004 6.903899118098372E-004 1.43765499857450509787 1.19460388418176070748
70 8.384535399096868E-004 4.019839741262970E-005 8.530706270055368E-005 .47122003899882013976 .04794350014546975485
70 8.282759678204138E-004 4.033087800343587E-004 8.019921389654174E-004 .50288370725757166816 .48692560897988509525
70 8.363464611016244E-004 5.031634965858084E-004 2.787829351562365E-004 1.80485759038236600486 .60162088319600008293
70 8.315330493519929E-004 2.187619391756701E-003 8.020971773854286E-004 2.72737450453025701528 2.63082675242011777455
70 8.389407113567996E-004 5.506987355508032E-004 1.817561540796951E-004 3.02987669572572972547 .65642151834564178734
70 8.344084028919215E-004 2.130024780756296E-003 8.211452552245408E-004 2.59396832314867882606 2.55273649375291817517
70 8.268145139671612E-004 1.024346302080482E-006 2.779544884430145E-005 .03685302251524852751 .00123890701575319010
70 8.303267822536291E-004 1.134198155788362E-003 6.388820619388830E-004 1.77528564872566751293 1.36596600281877126308
70 8.339389880435138E-004 9.158099817282154E-004 6.637774604786057E-004 1.37969430457594303002 1.09817384108252015567
70 8.344204678147777E-004 1.162097199581936E-003 1.610239493519515E-003 .72169214844055877562 1.39269977715826483769
70 8.317041473377296E-004 1.319634425208360E-003 6.919809311836441E-004 1.90703871413205690154 1.58666327375243548860
70 8.285187085675922E-004 4.796168051390263E-004 1.926866516225202E-004 2.48910239033377450806 .57888470131015539945
70 8.238526557750118E-004 1.054396980330493E-003 2.104913616103339E-003 .50092173487024858926 1.27983684089554138322
70 8.247551637950131E-004 5.038120883393670E-004 4.151283649349330E-005 12.13629640601249302309 .61086260560180721929
70 8.383749987471614E-004 2.930324623032584E-005 4.977816778336577E-005 .58867667363438039567 .03495243330742877305
70 8.347350984156403E-004 1.157785969150762E-004 2.892404652918229E-005 4.00284921400136365465 .13870100482755365432
70 8.331627773887852E-004 1.916326360205671E-003 1.280890653395960E-003 1.49608895585662425552 2.30006237942077528483
70 8.265472312666001E-004 8.557138772305918E-004 1.089213349216994E-004 7.85625587352322984886 1.03528733127482232646
80 1.247628847386108E-003 1.828040858576311E-003 4.167474226480276E-004 4.38644790401072161218 1.46521208002381247778
80 1.243607531844053E-003 2.647575687739857E-003 2.979256448847300E-003 .88866995278779269054 2.12894793569958857705
80 1.256788557995829E-003 1.201575688269587E-004 3.117859388400465E-004 .38538482291403895309 .09560682905847832844
80 1.264051274701613E-003 1.696127244983722E-003 1.152040324907657E-003 1.47228114182520204531 1.34181838896060855096
80 1.231576498370620E-003 1.449788264558242E-003 1.101374846042266E-003 1.31634408554724283296 1.17718084623757998568
80 1.272677284022906E-003 2.004316005346812E-004 1.141950916159946E-004 1.75516826247379607784 .15748815748570693924
80 1.265218606040974E-003 5.644081184251933E-004 5.446569901470589E-004 1.03626342567053356004 .44609533540713278897
80 1.232800402864416E-003 4.440821636001736E-004 2.771268412700613E-004 1.60245092667661743943 .36022227326365821823
80 1.260181566848976E-003 2.234967415576586E-003 9.759152155164863E-004 2.29012457234183815147 1.77352809656231966393
80 1.228258139559348E-003 3.256059691178429E-003 3.732976119474248E-003 .87224230398693580065 2.65095714517029666738
80 1.266667804672214E-003 2.094480746986666E-003 2.826047483542669E-003 .74113430831709609531 1.65353594625283140726
80 1.266667804672214E-003 2.094480746986666E-003 2.826047483542669E-003 .74113430831709609531 1.65353594625283140726
80 1.239769752089699E-003 7.262024116302908E-004 3.899929954516757E-004 1.86209090957961843635 .58575587152875551369
80 1.223499809567580E-003 6.437558014799809E-004 3.093240086237030E-004 2.08116985275177547592 .52615929846977475529
80 1.237506072687519E-003 3.338672641403820E-004 2.055009212733636E-004 1.62465093621775822275 .26979040467681517021
80 1.239700905737005E-003 1.282600637401524E-003 5.809316277266146E-004 2.20783406546615774743 1.03460490467175629934
80 1.253904258183205E-003 2.205161119615886E-003 9.575833714958734E-004 2.30283982079923669477 1.75863596062028453438
80 1.246014665148035E-003 1.745504842969096E-003 4.550613522517009E-004 3.83575716621971551009 1.40087022391644016196
80 1.270920311194982E-003 3.981924628082611E-004 2.469295138737046E-004 1.61257541296550705887 .31331033055397540588
80 1.277057580684756E-003 7.730569037683992E-004 3.308624134203240E-004 2.33649055441760362246 .60534224569097930980
80 1.232559267330160E-003 1.078111174941284E-003 3.797828868333625E-004 2.83875659572393345416 .87469317177467239991
80 1.230872788368811E-003 1.645203166796016E-003 7.546013160027812E-004 2.18022832972365548984 1.33661510949176792171
80 1.251410907248804E-003 2.172273290580616E-003 9.643156963524776E-004 2.25265781610445193806 1.73585932326281638916
80 1.252717304186499E-003 2.174101749412815E-004 3.712377791541546E-004 .58563591086187117398 .17355086755384552168
80 1.240555045199536E-003 4.371678047780069E-004 1.286544715584739E-003 .33979993037343644018 .35239694237645942079
80 1.233461598803084E-003 8.649776802405711E-004 5.177639147201586E-004 1.67060248049166353546 .70126032385598449257
80 1.269743856797642E-003 1.215191269278620E-003 5.446312598459108E-004 2.23121836528888674684 .95703654148277875894
80 1.255153155046472E-003 1.465037125150440E-003 8.333634964538322E-004 1.75798091875218356346 1.16721781661473579582
80 1.264474384646189E-003 3.686912221807535E-004 6.287165128667425E-005 5.86418862293979880789 .29157666351929820302
80 1.236333155251945E-003 4.886079454118667E-004 5.124534172946603E-004 .95346802054969520678 .39520734628547285471
80 1.288320117047891E-003 1.320913489621557E-003 7.470575707605588E-004 1.76815488032170164075 1.02529912569272905296
80 1.216707639971062E-003 2.004416955053404E-004 2.743944222120570E-005 7.30487500035388518958 .16474105111241651818
80 1.255107510456696E-003 1.802219599252691E-003 1.459975189081025E-003 1.23441796321695730168 1.43590854507508867594
80 1.257690496472423E-003 1.480679576927174E-003 1.348852038951885E-003 1.09773313467185367821 1.17730044162708707744
80 1.251654792535258E-003 1.231996327840621E-003 1.062882969757630E-003 1.15910816420509027984 .98429402035459130911
80 1.281176358741223E-003 8.686330010973650E-004 8.724355877984072E-005 9.95641412667910493554 .67799643286487998871
80 1.251090628332762E-003 4.119875537116304E-004 4.732137870674355E-004 .87061612525021373962 .32930272546334746140
80 1.255451342622249E-003 1.737371795172582E-004 7.257135601142116E-005 2.39401864683244626146 .13838623100627304609
80 1.249023416592776E-003 2.665906004205738E-005 1.233265164713151E-004 .21616648880419884489 .02134392333074179491
80 1.261281759174471E-003 1.006844382790418E-003 4.737522184297137E-004 2.12525523601277727229 .79827078721047522695
80 1.237200522421282E-003 3.990407984032934E-003 2.562739949097438E-003 1.55708658049299975920 3.22535265037186185793
80 1.243030948579862E-003 4.394865293338143E-004 1.707366405832087E-004 2.57406100900544561036 .35356040799782086736
80 1.242907583201472E-003 1.584237172158835E-003 1.565402731426018E-003 1.01203169021920614203 1.27462185730508523670
80 1.241967416736346E-003 3.294822146809608E-003 3.262618160708671E-003 1.00987059610246943356 2.65290546467617768219
80 1.259253433876619E-003 1.577271137625764E-003 1.387567923124337E-003 1.13671634472082567726 1.25254463890570911883
80 1.248583702770241E-003 1.820748298715646E-003 5.902703321035405E-004 3.08460073239165423253 1.45825089233179929369
80 1.255017150801089E-003 5.964194860856051E-004 7.094599626377094E-005 8.40666869865594945043 .47522815581038478389
80 1.230384927428321E-003 4.722161729098723E-004 1.654376768867675E-004 2.85434480099159575166 .38379547927076047195
80 1.233809785951144E-003 1.007353752495556E-003 5.995411599552991E-004 1.68020783188707644738 .81645790458614896039
80 1.262804661858208E-003 6.842976274684082E-004 1.042690473165389E-004 6.56280694107642999709 .54188715653097855264
90 2.479060999187924E-003 4.023263010854823E-003 2.534661205912995E-003 1.58729813730889834530 1.62289794893015519778
90 2.476406864944207E-003 1.956061589013700E-003 3.581892401293605E-004 5.46097249684905629024 .78987892365488565013
90 2.483116437708403E-003 4.708228420050553E-004 2.506632674399173E-004 1.87830808563887056653 .18960965134585642234
90 2.480771774333021E-003 1.750966862793287E-003 8.769837266075427E-004 1.99657851071717641067 .70581537604927443746
90 2.424672224262593E-003 1.095230324627398E-004 3.729656130532529E-004 .29365450494521017950 .04517024254527790990
90 2.522465676281538E-003 4.797363172350436E-003 1.636283414563193E-003 2.93186567171255931140 1.90185468823600025659
90 2.470779736862849E-003 8.106218269782699E-004 2.694184402054884E-004 3.00878375793431117645 .32808340415140245541
90 2.441104784134179E-003 1.817372509842410E-003 2.191880701283282E-003 .82913842381037963663 .74448770968551564790
90 2.432953879694463E-003 5.102099431455278E-003 5.530606121760814E-003 .92252084475523821632 2.09708020938564342861
90 2.511710614438267E-003 3.017329580248794E-003 2.457838091708058E-003 1.22763561620607855607 1.20130462598041233801
90 2.469999524663588E-003 3.522827308479142E-003 2.481290122559655E-003 1.41975631001386313596 1.42624614835055416428
90 2.542178911724657E-003 1.932093097357901E-004 3.273640904624129E-004 .59019701721980375335 .07600146033967123478
90 2.464084752142419E-003 2.439898938385789E-003 2.187464330630991E-003 1.11540055955197280201 .99018466644233667575
90 2.553080738993194E-003 1.222712996940906E-003 3.350887791890597E-004 3.64892253300741473228 .47891669788049170937
90 2.495744649302795E-003 2.280393026892610E-003 1.989049704186350E-003 1.14647362612058921166 .91371247756843029110
90 2.516289165532105E-003 5.746575453218128E-003 4.666928828598997E-003 1.23133985202496409757 2.28375002838870197620
90 2.466257829219918E-003 2.695155708412825E-003 1.193643504978674E-003 2.25792348986222438025 1.09281182059756819125
90 2.474960336217199E-003 2.617931706380524E-003 2.584837138615954E-003 1.01280334736380738544 1.05776713592988184188
90 2.445480214306209E-003 3.177986525661649E-003 1.653723909889498E-003 1.92171529156520593763 1.29953475275335830743
90 2.445480214306209E-003 3.177986525661649E-003 1.653723909889498E-003 1.92171529156520593763 1.29953475275335830743
90 2.480485478516089E-003 1.155345589727359E-003 3.764489645890626E-004 3.06906300297186836701 .46577397841430869012
90 2.509925332368593E-003 2.478724824407202E-003 6.875344722736934E-004 3.60523715445132238459 .98756914894677469420
90 2.525079460492505E-003 4.988197442322127E-003 2.288799182598182E-003 2.17939497717736083748 1.97546157274163653373
90 2.444641994490853E-003 8.120143255848080E-004 7.527499833788713E-004 1.07873044638263112844 .33216083476219866399
90 2.493259048044794E-003 3.017421088643226E-003 3.912586100363547E-003 .77120886575834211814 1.21023168090354600092
90 2.496765616771271E-003 4.880497783768674E-003 2.041743116385622E-003 2.39035838769390968663 1.95472804935529396630
90 2.524920502486988E-003 1.010265019339138E-002 9.301713397313517E-003 1.08610637222054017544 4.00117555520678944477
90 2.495028239646140E-003 2.837124610236726E-004 2.148630046312404E-004 1.32043420648703758848 .11371112218910613119
90 2.532647230935796E-003 6.245553639025949E-004 1.859266315341574E-004 3.35914956748869558562 .24660179920589490179
90 2.513717308749478E-003 4.273996780402907E-003 3.005579345839070E-003 1.42202094458755068601 1.70026946368489278146
90 2.505012927456175E-003 3.460687454011712E-003 1.784129375886308E-003 1.93970655984100623776 1.38150482821101387274
90 2.553103760400507E-003 3.193554029416718E-003 9.643863013180213E-004 3.31148837872552293840 1.25085164142163307990
90 2.471112569224860E-003 7.124446802833939E-003 5.808248832964432E-003 1.22660839914424634078 2.88309277835478759116
90 2.499875127268060E-003 1.391040765750324E-003 2.834376713943041E-004 4.90774835577582311403 .55644410017811405445
90 2.508068698653535E-003 3.669975439902394E-003 3.035910949158231E-003 1.20885477254198463002 1.46326751012547323285
90 2.544006433691379E-003 1.681350636082494E-003 1.235868981546391E-003 1.36046026009868011892 .66090659748955008146
90 2.565857729195505E-003 4.655315716767994E-006 1.637634880109938E-004 .02842706743309881446 .00181433119373598721
90 2.534515982463258E-003 6.538181775384297E-003 5.906106222983760E-003 1.10702068817198024444 2.57965695250023098078
90 2.464617844945747E-003 4.447193047168278E-003 6.079414235072236E-003 .73151670131512862103 1.80441485331620364009
90 2.433173909314578E-003 2.921303976934280E-003 2.125533393870772E-003 1.37438630009681663594 1.20061454125866721137
90 2.471425322145267E-003 4.408578412212465E-003 1.955744833682346E-003 2.25416850720338430559 1.78382019991026651422
90 2.544683732282425E-003 1.288762041688122E-003 1.616275607261454E-004 7.97365273532614577022 .50645273726498876587
90 2.483971266200052E-003 3.047378334551573E-003 3.128315618579104E-003 .97412751975956533961 1.22681706347328809753
90 2.609010342777271E-003 3.678686919278668E-003 3.466032635488489E-003 1.06135380308102850338 1.40999322960243028137
90 2.458413145130153E-003 2.524310086696629E-003 7.740738506257953E-004 3.26107138828661613132 1.02680466531714192099
90 2.426920720455077E-003 1.150987582556116E-002 8.376187736847790E-003 1.37411865483003972937 4.74258418437455963420
90 2.403969775743016E-003 3.193417518545344E-003 3.946056251755217E-003 .80926811854871628876 1.32839337281531606182
90 2.464140954589294E-003 5.192104761779216E-003 2.861116858041195E-003 1.81471258232139601589 2.10706483819818666641
90 2.491929571228310E-003 4.471541764530526E-003 2.435396473729988E-003 1.83606316785128312872 1.79440936700567947047
90 2.487438396271759E-003 5.656670514890654E-003 3.216968347137543E-003 1.75838550600721853554 2.27409471662455124935
