_PuRd_data = {'blue': [(0.0,   0.97647058963775635,  0.97647058963775635), 
                       (0.125, 0.93725490570068359,  0.93725490570068359), 
                       (0.25,  0.85490196943283081,  0.85490196943283081), 
                       (0.375, 0.78039216995239258,  0.78039216995239258), 
                       (0.5,   0.69019609689712524,  0.69019609689712524),
                       (0.625, 0.54117649793624878,  0.54117649793624878), 
                       (0.75,  0.33725491166114807,  0.33725491166114807), 
                       (0.875, 0.26274511218070984,  0.26274511218070984), 
                       (1.0,   0.12156862765550613,  0.12156862765550613)],

    'green': [(0.0,   0.95686274766921997,  0.95686274766921997), 
              (0.125, 0.88235294818878174,  0.88235294818878174), 
              (0.25,  0.72549021244049072,  0.72549021244049072), 
              (0.375, 0.58039218187332153,  0.58039218187332153), 
              (0.5,   0.3960784375667572,   0.3960784375667572), 
              (0.625, 0.16078431904315948,  0.16078431904315948), 
              (0.75,  0.070588238537311554, 0.070588238537311554), 
              (0.875, 0.0,                  0.0),
              (1.0,   0.0,                  0.0)],

    'red': [(0.0,   0.9686274528503418,  0.9686274528503418), 
            (0.125, 0.90588235855102539, 0.90588235855102539), 
            (0.25,  0.83137255907058716, 0.83137255907058716), 
            (0.375, 0.78823530673980713, 0.78823530673980713), 
            (0.5,   0.87450981140136719, 0.87450981140136719), 
            (0.625, 0.90588235855102539, 0.90588235855102539), 
            (0.75,  0.80784314870834351, 0.80784314870834351), 
            (0.875, 0.59607845544815063, 0.59607845544815063), 
            (1.0,   0.40392157435417175, 0.40392157435417175)]}
            
            

the most intense color is RGB(0.40392157435417175, 0.0, 0.12156862765550613)
