44 71
90 76
11 55
71 61
89 95
91 47
51 53
40 1
31 66
84 96
99 3
22 4
34 44
68 61
52 96
26 24
18 90
85 75
14 91
10 97
39 94
90 12
92 47
92 84
48 50
20 92
11 46
29 49
21 43
20 63
45 36
98 85
57 92
73 34
51 2
57 46
78 20
71 93
14 69
25 91
66 71
87 15
59 10
49 87
24 77
36 7
32 11
66 19
6 49
83 74
4 28
95 5
59 44
37 78
81 55
73 73
1 26
95 33
10 33
85 56
44 20
29 97
80 72
92 56
11 33
47 100
93 16
32 33
14 19
97 61
99 82
3 34
48 98
76 53
88 62
72 41
38 44
30 19
54 93
17 77
33 84
14 63
66 87
46 50
72 75
64 97
79 1
18 85
1 62
63 27
10 85
15 76
100 18
29 61
9 14
80 25
64 59
52 31
20 54
80 64
3 11
8 52
32 88
101 6
46 14
38 23
24 96
70 81
71 9
79 100
53 52
56 33
81 31
30 23
19 72
2 1
90 38
5 15
86 54
78 31
72 96
22 25
56 39
87 80
35 82
41 13
72 23
76 48
37 36
25 88
30 70
29 56
86 40
68 49
35 74
20 57
15 34
90 97
40 18
85 61
92 66
77 8
22 35
9 66
1 90
100 80
35 29
50 63
69 71
93 44
28 24
35 87
20 10
67 96
21 16
36 43
24 13
57 40
7 99
31 73
32 48
23 17
43 50
22 53
40 59
15 35
42 15
44 28
2 26
35 92
93 63
88 42
57 82
62 53
38 13
95 32
3 49
94 37
41 54
71 48
63 50
32 89
25 55
69 8
14 23
61 65
57 50
78 98
82 18
27 40
73 88
41 85
18 20
22 50
79 64
84 64
44 66
36 41
67 52
24 65
75 38
21 21
76 61
68 18
17 49
76 22
10 3
72 101
32 47
40 57
35 90
75 76
54 46
92 96
28 76
71 64
94 98
37 35
90 89
67 51
90 26
72 69
47 101
3 98
56 40
32 75
53 93
34 84
89 13
100 15
73 9
15 60
63 78
37 19
97 41
20 83
82 87
25 37
5 87
13 42
81 71
95 70
34 69
97 60
90 25
52 70
33 91
101 51
5 69
2 73
8 72
10 39
57 59
59 84
40 66
8 65
79 59
8 87
79 3
88 30
81 85
1 20
80 52
100 93
96 37
82 26
31 40
41 52
97 1
45 7
48 88
24 76
18 65
23 66
27 42
43 16
54 20
12 32
54 12
23 80
21 51
63 101
44 80
86 42
68 29
62 30
47 65
96 58
87 90
42 32
97 97
94 89
23 11
59 63
69 80
1 56
31 76
54 71
24 25
95 31
12 49
41 98
83 98
66 89
65 84
62 25
14 16
29 80
4 90
26 40
48 22
33 66
66 26
56 90
71 85
21 98
71 84
39 60
27 51
36 52
79 57
15 61
2 95
77 10
56 99
23 96
27 33
8 78
9 65
45 38
10 76
99 56
79 71
46 72
94 25
79 39
32 96
58 73
101 20
82 38
27 3
35 2
98 37
38 22
8 54
24 32
86 18
82 23
57 65
86 26
9 18
2 79
62 42
13 67
50 68
68 98
74 74
27 8
36 29
40 17
91 76
35 48
98 47
21 59
55 12
85 84
59 58
45 61
92 48
32 49
78 17
71 81
13 37
32 59
35 54
96 63
9 26
94 96
49 51
63 15
26 91
9 87
69 41
5 30
49 100
68 56
3 70
19 62
17 95
13 11
55 29
10 4
92 78
26 96
87 74
14 70
83 16
4 46
71 40
51 48
57 44
55 80
35 17
72 1
60 47
81 27
30 30
80 17
29 17
98 77
76 5
29 52
34 48
45 24
55 61
51 61
38 96
77 20
59 18
85 60
24 39
57 87
82 89
29 86
1 93
45 79
19 27
53 64
87 97
59 80
89 15
38 76
42 9
16 96
66 81
85 100
21 13
2 11
36 54
37 39
56 100
30 67
66 5
46 83
56 80
2 43
21 35
6 94
100 33
83 26
62 23
2 53
27 57
99 36
50 92
71 52
95 22
16 49
48 31
38 31
28 7
68 100
16 41
35 69
7 94
76 9
33 39
88 20
71 41
18 52
65 6
54 81
41 44
53 87
41 39
33 44
55 16
86 92
19 14
58 85
43 99
5 5
91 34
21 38
96 21
57 3
48 15
87 19
11 16
47 95
25 16
97 77
13 81
21 70
63 67
72 35
61 35
45 43
57 18
69 45
72 9
95 25
57 48
99 80
45 83
81 37
2 64
81 89
45 32
94 13
51 71
21 45
58 88
43 101
14 73
43 34
55 73
47 5
2 2
55 20
100 36
88 87
55 74
13 27
5 61
20 36
29 27
80 51
1 72
18 50
33 76
27 83
79 74
100 28
57 61
47 14
40 42
12 14
85 25
49 77
94 58
23 52
41 62
12 33
60 99
98 22
13 49
33 85
101 70
2 52
34 81
24 97
15 14
74 81
87 41
80 87
78 13
53 9
56 69
49 3
49 44
15 95
99 46
18 93
83 50
49 98
34 95
49 23
16 99
93 95
55 85
1 13
93 88
4 94
44 99
36 55
53 69
16 90
65 49
26 50
52 94
11 43
16 61
10 91
2 7
90 42
45 16
86 98
67 94
19 98
56 19
85 85
8 41
5 65
3 79
23 29
44 38
51 84
20 26
59 89
48 17
47 49
10 62
49 82
73 42
44 68
91 38
96 33
50 82
100 86
2 14
57 52
51 10
101 38
87 87
98 97
10 89
47 90
5 46
63 57
30 90
54 78
92 44
3 37
94 11
58 17
50 62
70 26
41 47
26 92
54 66
61 60
93 101
37 72
32 69
64 32
38 30
22 94
4 4
49 11
41 84
81 100
78 83
47 98
6 91
8 9
45 60
23 67
88 68
74 66
28 82
44 25
100 63
8 56
90 35
89 64
34 9
41 101
1 47
69 29
77 58
74 84
70 65
58 44
84 27
20 39
43 100
2 42
36 6
1 68
29 6
68 21
94 19
8 1
96 8
22 44
46 9
96 30
71 7
77 83
65 8
15 50
17 16
59 70
50 33
30 7
80 70
29 77
40 97
95 67
62 66
44 29
45 37
41 45
95 53
46 25
28 49
3 90
98 32
3 27
88 33
32 68
10 94
70 49
5 53
34 26
24 44
33 60
78 91
42 59
28 78
82 40
96 44
45 27
39 77
60 43
82 4
41 83
3 73
88 44
53 66
74 32
45 47
16 33
51 44
84 3
75 10
43 40
10 36
61 73
58 92
39 52
94 23
74 88
62 1
77 18
76 96
95 19
44 24
52 79
62 32
27 20
22 72
99 84
17 65
37 37
39 73
41 61
83 30
52 51
13 12
38 94
67 2
93 97
101 45
85 97
97 65
66 69
84 67
21 30
14 39
99 14
1 2
97 53
79 85
59 83
98 89
29 30
72 91
54 11
36 76
20 100
93 93
57 27
11 36
88 93
15 55
2 97
83 75
39 24
13 92
26 79
55 79
24 60
88 29
17 2
36 12
19 59
99 61
71 12
81 81
34 13
91 67
74 70
95 14
53 78
27 96
3 35
5 28
40 44
15 96
82 83
81 9
13 97
98 10
43 10
55 1
96 62
60 69
40 48
91 35
46 65
66 51
100 68
72 49
85 99
37 34
13 41
14 65
53 14
18 27
45 53
4 82
77 2
55 84
4 22
94 70
54 1
96 39
97 20
75 86
15 37
53 97
11 7
95 1
23 54
57 79
33 71
41 22
35 39
98 7
7 8
74 18
22 89
14 20
3 39
9 33
43 82
26 11
63 56
75 54
35 77
84 21
70 66
44 63
67 75
72 29
94 43
58 77
88 39
39 58
87 6
40 5
83 67
6 1
67 65
69 20
63 100
35 37
58 72
44 36
60 61
82 53
47 50
8 20
29 43
3 72
97 50
53 65
76 27
41 17
40 67
96 48
35 97
64 47
23 65
36 101
83 101
77 70
59 98
12 8
3 38
69 15
55 86
22 77
37 45
19 54
51 72
101 85
51 27
31 74
19 8
11 70
7 55
78 82
42 80
58 16
7 86
30 78
57 75
16 16
71 23
58 79
76 39
79 61
4 1
53 77
14 21
64 20
32 53
1 28
57 93
98 56
93 68
73 20
46 8
70 25
44 31
90 63
29 59
69 7
47 7
32 78
37 90
30 89
23 9
3 46
94 101
48 28
7 89
100 31
82 15
30 96
81 72
62 45
16 5
19 69
65 18
81 56
43 68
64 25
41 65
11 47
16 62
79 54
56 10
75 31
28 79
63 37
61 93
13 80
26 59
10 13
19 21
2 89
64 48
63 61
73 36
52 6
74 56
25 86
3 68
27 66
24 86
41 60
34 6
81 3
65 85
19 3
54 13
87 24
79 66
79 32
14 89
45 57
74 79
29 68
89 17
60 89
51 7
41 8
22 85
15 15
6 88
79 63
25 28
101 39
88 37
57 36
65 17
63 22
75 6
40 24
65 23
98 69
5 77
6 11
6 78
38 18
78 18
28 8
21 83
77 88
53 88
97 85
55 44
84 62
58 39
31 46
24 46
22 18
