 # row    column    phase
           1           1   1.45407925838517     
           1           2   4.96386914027924     
           1           3   1.29349300729216     
           1           4   1.17619596561192     
           1           5   6.21056758858015     
           1           6   4.87843688367327     
           1           7   3.90508026680587     
           1           8   3.47053253554975     
           1           9   3.37719160264700     
           1          10   3.48566590028733     
           1          11   2.99247422027102     
           1          12   3.66425456930102     
           1          13   3.74245532290243     
           1          14   3.80296233235345     
           1          15  0.933755293357397     
           1          16   5.78893966206273     
           1          17   2.94276460733019     
           1          18   5.35485882575427     
           1          19   1.89936309081702     
           1          20   1.87736350376354     
           2           1   4.63822235537339     
           2           2  0.186359941409601     
           2           3   5.59163763770678     
           2           4   1.21867628066410     
           2           5   1.49922166041413     
           2           6   5.45364201926421     
           2           7   4.36082154018936     
           2           8   3.48200809032993     
           2           9   3.37019554873867     
           2          10   3.29751665449516     
           2          11   3.18881012514122     
           2          12   4.10361903591981     
           2          13   5.11309922761158     
           2          14   5.26679395234240     
           2          15   3.31482251485918     
           2          16   2.76346834284379     
           2          17  0.654196991842987     
           2          18   5.49780356158744     
           2          19   5.17339454934904     
           2          20   1.88577217857346     
           3           1   1.41575168396198     
           3           2   5.08502359900644     
           3           3   4.80490929369836     
           3           4  0.749127404341913     
           3           5   5.11907796566105     
           3           6   1.64691377208275     
           3           7   1.55398144740448     
           3           8   3.26818170979082     
           3           9   2.98307683206829     
           3          10   3.14564682519655     
           3          11   3.43478483011804     
           3          12  0.184789011168960     
           3          13   1.81530223179113     
           3          14   5.51297317406054     
           3          15   5.83587932393417     
           3          16   2.64307880603978     
           3          17  0.400555390836345     
           3          18   5.10227250792612     
           3          19   4.75275207792864     
           3          20   2.04881757598259     
           4           1   5.56834512553050     
           4           2   1.48026550655193     
           4           3   6.24167038205895     
           4           4   1.53641235482101     
           4           5   6.07094585390656     
           4           6   6.00504754079025     
           4           7  0.528575319107390     
           4           8  0.533132214702575     
           4           9   3.41204955536250     
           4          10   3.90764071655762     
           4          11   2.46159042893894     
           4          12  0.787634014696086     
           4          13  0.815937040772397     
           4          14   6.08309765679736     
           4          15   2.40591823983123     
           4          16  0.931836946004722     
           4          17  0.991996523716177     
           4          18   4.93959339842615     
           4          19   4.86217551384116     
           4          20   2.21879962212805     
           5           1   2.05798555562908     
           5           2   2.06360259127184     
           5           3   5.24832997516008     
           5           4   1.60252112072634     
           5           5   5.91085721844183     
           5           6   6.21145756794320     
           5           7   5.01512076071778     
           5           8   1.99873923544351     
           5           9   5.23272442088345     
           5          10  0.409611524171756     
           5          11   3.46605727197395     
           5          12   3.34423119401052     
           5          13   1.16583919128547     
           5          14   2.55134300413696     
           5          15   3.91684470527981     
           5          16   3.91718461131635     
           5          17   5.97374587557160     
           5          18   1.74799038904739     
           5          19  0.286068398789610     
           5          20   5.61954860981601     
           6           1   2.09541635335339     
           6           2   2.28115697032415     
           6           3   5.25993507471064     
           6           4  0.725204493136738     
           6           5   6.08943142582246     
           6           6   5.54264253819861     
           6           7   5.01309924843668     
           6           8   2.20294965453244     
           6           9   2.42603852747256     
           6          10   3.32848616954143     
           6          11   4.72925361848962     
           6          12   1.53458761338998     
           6          13   1.46633329659012     
           6          14   2.31526558697132     
           6          15   4.40419250821883     
           6          16   4.59033172989100     
           6          17   5.78140143014539     
           6          18   1.13489089507726     
           6          19   1.69075940272226     
           6          20   1.14440824489423     
           7           1   4.99375527228322     
           7           2   4.98339354000522     
           7           3   5.02487405090308     
           7           4   5.40001804324768     
           7           5   5.32434187329736     
           7           6   2.55044415276153     
           7           7   3.79046761761684     
           7           8   2.03750080239439     
           7           9   3.48015692409761     
           7          10   5.69834486161649     
           7          11   3.20406341829959     
           7          12  0.384413039909882     
           7          13  0.811767380571065     
           7          14   1.32160481928598     
           7          15   1.90819013263062     
           7          16   1.58290261924454     
           7          17   6.10348877006688     
           7          18   5.99894435133276     
           7          19  0.569090324754408     
           7          20  0.205149191080541     
           8           1   4.94732688651814     
           8           2   4.90562593055197     
           8           3   4.87935646451297     
           8           4   4.45156877728701     
           8           5   3.36202660338414     
           8           6   3.02205283458061     
           8           7   2.61670541574180     
           8           8   1.05581048884181     
           8           9   5.37779142406571     
           8          10   4.46837082077813     
           8          11  0.222808351551815     
           8          12   5.85020361895182     
           8          13   6.02246690246185     
           8          14   5.97623582362284     
           8          15   5.45461626787571     
           8          16   2.20859876777943     
           8          17   1.45933332078426     
           8          18   6.10673514605855     
           8          19   6.14602673476342     
           8          20   5.60947568755378     
           9           1   5.08762779173515     
           9           2   4.89210019275797     
           9           3   4.99229553080125     
           9           4   4.90318114564050     
           9           5   3.76478288994949     
           9           6   4.10684364325034     
           9           7   2.46401648572431     
           9           8   5.25877801432167     
           9           9  0.226730993616736     
           9          10   6.04354449432858     
           9          11   4.52246257936940     
           9          12   4.08599434794770     
           9          13   5.72825595264882     
           9          14   3.55495189671817     
           9          15   2.92539536617987     
           9          16   1.97951799817721     
           9          17   1.16847155447283     
           9          18   5.63116778600092     
           9          19   5.79605394114410     
           9          20   5.35867340975147     
          10           1   4.42012084694802     
          10           2   4.01846987376687     
          10           3   4.12844773210211     
          10           4   4.21088661872835     
          10           5   3.47000282444881     
          10           6   3.62414753448443     
          10           7   1.68156908244352     
          10           8   6.17642474432283     
          10           9   6.15112167120619     
          10          10   4.42990122020601     
          10          11   4.26444551566692     
          10          12   5.32450423783327     
          10          13   5.52892870920368     
          10          14   3.70009552365193     
          10          15   3.66801508321597     
          10          16   4.06071786528696     
          10          17   5.19960698329420     
          10          18   5.45680415254059     
          10          19   5.73427298902022     
          10          20  7.096810157418165E-002
          11           1   4.02276080799510     
          11           2   5.95420669214084     
          11           3   2.27439917309011     
          11           4   4.04668780069970     
          11           5   3.63566868192986     
          11           6   3.04778074827748     
          11           7   4.69885493807200     
          11           8   5.26283173703606     
          11           9   4.30162158778507     
          11          10  0.158507688293740     
          11          11   3.95928460653075     
          11          12   3.84184918506774     
          11          13   2.37799134433944     
          11          14   4.55880776137096     
          11          15   4.72138860846034     
          11          16   4.29224400895617     
          11          17   5.69447904769602     
          11          18  9.974346015805935E-002
          11          19  0.406494664345746     
          11          20   2.13918237945055     
          12           1   4.06791565448407     
          12           2  0.272947115178150     
          12           3   4.86539198627152     
          12           4   4.17312311593066     
          12           5  0.200517714138436     
          12           6   3.18047562157810     
          12           7  0.438552676510056     
          12           8   5.93544290278089     
          12           9   5.60376838234992     
          12          10   2.96624554394397     
          12          11   3.47020784081768     
          12          12   3.30142841655751     
          12          13   3.61258510700868     
          12          14   2.71942117178144     
          12          15  0.694365198708029     
          12          16   4.31717191729372     
          12          17  0.412495874699558     
          12          18  0.561910487946322     
          12          19  0.446027331690031     
          12          20  0.425847287583464     
          13           1   4.95721492226867     
          13           2   3.62570764309353     
          13           3   1.71600035811281     
          13           4   4.47176441986263     
          13           5  0.661334046021319     
          13           6   1.56442344763281     
          13           7   3.86384418908690     
          13           8   2.56970941158269     
          13           9  0.111850146812961     
          13          10   2.82411288332807     
          13          11   3.33943073604810     
          13          12   2.49621441693278     
          13          13   2.83652917172908     
          13          14   3.83367386884259     
          13          15  0.576034393637186     
          13          16   1.42746071184629     
          13          17   5.40353952592449     
          13          18  0.482990167784493     
          13          19  0.592483396000952     
          13          20  0.371408458257952     
          14           1   6.07028294329232     
          14           2  0.405037820895343     
          14           3  0.413211445219034     
          14           4  0.925421986488663     
          14           5  0.970019010438814     
          14           6  0.868878468201598     
          14           7   1.94100252092373     
          14           8   2.43104588983985     
          14           9   3.22712380251608     
          14          10   3.46471885951697     
          14          11   3.40555282137469     
          14          12   3.02958066660943     
          14          13   3.05235102212471     
          14          14   5.12984920373460     
          14          15   5.78540197467078     
          14          16   5.13510174922674     
          14          17   3.94409658163011     
          14          18   3.44804517352326     
          14          19  0.107182475773552     
          14          20  0.297859828284781     
          15           1   1.29281266700872     
          15           2   3.61639694965266     
          15           3  0.471534569491499     
          15           4  0.991500164934830     
          15           5   1.08062290314315     
          15           6   1.02942964450985     
          15           7   2.30022140951669     
          15           8   2.42520447488274     
          15           9   3.26726941329058     
          15          10   3.36028214631253     
          15          11   3.41897481054544     
          15          12   3.33102353008942     
          15          13   3.35188655093651     
          15          14   4.29325028637378     
          15          15   5.04322356094550     
          15          16   4.77868793120519     
          15          17   5.86359090876019     
          15          18   3.43109638747597     
          15          19  0.143387023500055     
          15          20  0.205048397185171     
          16           1   5.17387915333181     
          16           2   1.20309422600783     
          16           3   1.33207090578531     
          16           4   1.06096438991244     
          16           5   1.18276233391638     
          16           6   1.46528029699231     
          16           7   1.01688322938053     
          16           8   3.33787971710374     
          16           9   3.34573462334661     
          16          10   5.62195513804686     
          16          11   6.23390118530881     
          16          12   3.55158757896841     
          16          13   5.12868796976203     
          16          14   5.25077587650216     
          16          15   4.73826748932553     
          16          16   2.84075697701823     
          16          17  0.356043104952243     
          16          18   3.41685179769973     
          16          19   6.16936716054330     
          16          20  0.133947688353917     
          17           1   1.78079884854766     
          17           2   3.47231990713649     
          17           3   1.24668032366383     
          17           4   1.48708569366620     
          17           5   1.91135163864897     
          17           6   1.42302300030222     
          17           7   2.52677179996283     
          17           8   3.16782553831909     
          17           9   3.62817463022738     
          17          10  0.408908882913526     
          17          11  2.486452171648867E-002
          17          12   4.10019668736139     
          17          13   4.27042488343632     
          17          14  0.582822929728472     
          17          15   5.49339153746277     
          17          16   5.14029884256246     
          17          17   1.14811895041207     
          17          18   3.44942798441847     
          17          19   3.37260936666754     
          17          20   2.00943958776986     
          18           1   2.04344349573262     
          18           2   1.44678617884205     
          18           3   1.44001975348679     
          18           4   1.50885573598965     
          18           5   1.71248964302496     
          18           6   1.27582748683517     
          18           7   2.21192721241541     
          18           8   1.27172140873447     
          18           9  0.479938853951403     
          18          10   1.97662491607618     
          18          11   2.37171818377213     
          18          12   3.02646679925410     
          18          13   4.31543428533119     
          18          14  0.682901688350660     
          18          15   4.79932306356356     
          18          16   4.45793728267246     
          18          17   2.93296969560870     
          18          18   2.93202114028305     
          18          19   2.90619183962931     
          18          20  0.694774436225357     
          19           1   1.20688050516086     
          19           2   1.12721614590604     
          19           3   1.76731112974110     
          19           4   1.51959311619343     
          19           5   1.73376914815815     
          19           6   2.22000594606375     
          19           7   2.30159061572940     
          19           8  0.466449679212905     
          19           9   5.23248253470415     
          19          10   2.33016333845830     
          19          11   2.07238791857545     
          19          12   3.03636095399355     
          19          13   4.34468662427266     
          19          14   5.27135782096847     
          19          15   4.86654913322194     
          19          16   3.52709217584460     
          19          17   2.79064113056767     
          19          18   2.76774758598682     
          19          19   2.75982888469212     
          19          20   2.41565941266183     
          20           1   1.04944519411313     
          20           2   1.12143203973749     
          20           3   2.02416375539216     
          20           4   1.79552063268799     
          20           5   2.28335639601948     
          20           6   2.67221818393880     
          20           7   2.64791435193607     
          20           8   5.85343128758391     
          20           9   5.23166596353456     
          20          10   2.64039480173384     
          20          11   2.59294551053092     
          20          12   4.69083088477618     
          20          13   4.76617856534568     
          20          14   4.94560349980550     
          20          15   4.06176439220495     
          20          16   3.41506672106254     
          20          17   2.77846201470922     
          20          18   2.78169095579076     
          20          19   2.95092464522306     
          20          20   2.94920071055648     
